Node_1_locus_tag,Node_1_gene_name_,Node_1_Uniprot_ID,Node_2_locus_tag,Node_2_gene_name,Node_2_Uniprot_ID,Node_1_orthology_group_ID,Node_2_orthology_group_ID,Source,Strain,Layer
,,,,,,,,,,
SeAg_B0740,SeAg_B0740,B5EZD0,SeAg_B0740,SeAg_B0740,B5EZD0,552,552,IntAct,Salmonella_enterica_serovar_Agona_SL483,PPI
SeAg_B1420,trpB,B5F4M4,SeAg_B1420,trpB,B5F4M4,955,955,IntAct,Salmonella_enterica_serovar_Agona_SL483,PPI
SeAg_B2012,SeAg_B2012,B5F931,SeAg_B1145,SeAg_B1145,B5F2R3,2525,1271,IntAct,Salmonella_enterica_serovar_Agona_SL483,PPI
SeAg_B2011,SeAg_B2011,B5F930,SeAg_B1145,SeAg_B1145,B5F2R3,1912,1271,IntAct,Salmonella_enterica_serovar_Agona_SL483,PPI
SeAg_B1147,fliI,B5F2R5,SeAg_B1209,flhA,B5F2X2,703,2018,IntAct,Salmonella_enterica_serovar_Agona_SL483,PPI
SeAg_B1147,fliI,B5F2R5,SeAg_B3018,SeAg_B3018,B5F3X7,703,2018,IntAct,Salmonella_enterica_serovar_Agona_SL483,PPI
SeAg_B3018,SeAg_B3018,B5F3X7,SeAg_B1208,flhB,B5F2X1,2018,1220,IntAct,Salmonella_enterica_serovar_Agona_SL483,PPI
SeAg_B1209,flhA,B5F2X2,SeAg_B1752,SeAg_B1752,B5F6M3,2018,1220,IntAct,Salmonella_enterica_serovar_Agona_SL483,PPI
SeAg_B1148,SeAg_B1148,B5F2R6,SeAg_B3018,SeAg_B3018,B5F3X7,3533,2018,IntAct,Salmonella_enterica_serovar_Agona_SL483,PPI
SeAg_B1209,flhA,B5F2X2,SeAg_B1146,fliJ,B5F2R4,2018,3031,IntAct,Salmonella_enterica_serovar_Agona_SL483,PPI
SeAg_B3018,SeAg_B3018,B5F3X7,SeAg_B1146,fliJ,B5F2R4,2018,3031,IntAct,Salmonella_enterica_serovar_Agona_SL483,PPI
SeAg_B2173,SeAg_B2173,B5EX16,SeAg_B2176,SeAg_B2176,B5EX19,1040,1270,IntAct,Salmonella_enterica_serovar_Agona_SL483,PPI
SeAg_B2176,SeAg_B2176,B5EX19,SeAg_B2176,SeAg_B2176,B5EX19,1270,1270,IntAct,Salmonella_enterica_serovar_Agona_SL483,PPI
SeAg_B1829,SeAg_B1829,B5F7F1,SeAg_B1197,flhC,B5F2W0,1152,4015,IntAct,Salmonella_enterica_serovar_Agona_SL483,PPI
SeAg_B1148,SeAg_B1148,B5F2R6,SeAg_B1142,fliN,B5F2R0,3533,1656,IntAct,Salmonella_enterica_serovar_Agona_SL483,PPI
SeAg_B1198,motA,B5F2W1,SeAg_B1199,motB,B5F2W2,4140,923,IntAct,Salmonella_enterica_serovar_Agona_SL483,PPI
SeAg_B1162,SeAg_B1162,B5F2T0,SeAg_B1159,fliS,B5F2S7,1976,796,IntAct,Salmonella_enterica_serovar_Agona_SL483,PPI
SeAg_B1423,trpE,B5F4M7,SeAg_B1422,trpD,B5F4M6,1668,1176,IntAct,Salmonella_enterica_serovar_Agona_SL483,PPI
SeAg_B1589,SeAg_B1589,B5F5V8,SeAg_B1656,SeAg_B1656,B5F6C9,4094,649,IntAct,Salmonella_enterica_serovar_Agona_SL483,PPI
SeAg_B1150,fliF,B5F2R8,SeAg_B1143,fliM,B5F2R1,1571,1344,IntAct,Salmonella_enterica_serovar_Agona_SL483,PPI
SeAg_B0385,SeAg_B0385,B5EWN1,SeAg_B3367,SeAg_B3367,B5F679,3813,559,IntAct,Salmonella_enterica_serovar_Agona_SL483,PPI
SeAg_B1201,SeAg_B1201,B5F2W4,SeAg_B2948,recA,B5F352,3859,3140,IntAct,Salmonella_enterica_serovar_Agona_SL483,PPI
SeAg_B2016,SeAg_B2016,B5F935,SeAg_B1159,fliS,B5F2S7,3697,796,IntAct,Salmonella_enterica_serovar_Agona_SL483,PPI
SeAg_B1758,SeAg_B1758,B5F6M9,SeAg_B1758,SeAg_B1758,B5F6M9,2569,2569,IntAct,Salmonella_enterica_serovar_Agona_SL483,PPI
SeAg_B1755,epaO,B5F6M6,SeAg_B1758,SeAg_B1758,B5F6M9,73,2569,IntAct,Salmonella_enterica_serovar_Agona_SL483,PPI
SeAg_B1762,SeAg_B1762,B5F789,SeAg_B1758,SeAg_B1758,B5F6M9,2274,2569,IntAct,Salmonella_enterica_serovar_Agona_SL483,PPI
SeAg_B1774,SeAg_B1774,B5F7A1,SeAg_B1758,SeAg_B1758,B5F6M9,1420,2569,IntAct,Salmonella_enterica_serovar_Agona_SL483,PPI
SeAg_B1770,SeAg_B1770,B5F797,SeAg_B1758,SeAg_B1758,B5F6M9,3034,2569,IntAct,Salmonella_enterica_serovar_Agona_SL483,PPI
SeAg_B1775,SeAg_B1775,B5F7A2,SeAg_B1776,SeAg_B1776,B5F7A3,879,2108,IntAct,Salmonella_enterica_serovar_Agona_SL483,PPI
SeAg_B0345,SeAg_B0345,B5EWJ4,SeAg_B0830,bioB,B5F072,328,1192,Lit_Ecoli_IntAct,Salmonella_enterica_serovar_Agona_SL483,PPI
SeAg_B0345,SeAg_B0345,B5EWJ4,SeAg_B2649,ppk,B5F177,328,143,Lit_Ecoli_IntAct,Salmonella_enterica_serovar_Agona_SL483,PPI
SeAg_B0345,SeAg_B0345,B5EWJ4,SeAg_B0128,leuB,B5F7U8,328,3616,Lit_Ecoli_IntAct,Salmonella_enterica_serovar_Agona_SL483,PPI
SeAg_B0350,pepD,B5EWJ9,SeAg_B1238,zwf,B5F3K5,4070,452,IntAct,Salmonella_enterica_serovar_Agona_SL483,PPI
SeAg_B0357,proA,B5EWK6,SeAg_B2304,SeAg_B2304,B5EXZ9,2044,2186,Lit_Ecoli_IntAct,Salmonella_enterica_serovar_Agona_SL483,PPI
SeAg_B0398,SeAg_B0398,B5EWP4,SeAg_B1409,SeAg_B1409,B5F4L3,2724,1820,Interactome3d,Salmonella_enterica_serovar_Agona_SL483,PPI
SeAg_B0399,SeAg_B0399,B5EWP5,SeAg_B0140,murE,B5F7V9,2423,479,Lit_Ecoli_IntAct,Salmonella_enterica_serovar_Agona_SL483,PPI
SeAg_B0422,proC,B5EWR7,SeAg_B1285,proQ,B5F3P7,351,2695,Lit_Ecoli_IntAct,Salmonella_enterica_serovar_Agona_SL483,PPI
SeAg_B0424,SeAg_B0424,B5EWR9,SeAg_B0664,citC,B5EYL4,1421,2843,Lit_Ecoli_IntAct,Salmonella_enterica_serovar_Agona_SL483,PPI
SeAg_B0424,SeAg_B0424,B5EWR9,SeAg_B1319,minC,B5F3S8,1421,970,Lit_Ecoli_IntAct,Salmonella_enterica_serovar_Agona_SL483,PPI
SeAg_B0424,SeAg_B0424,B5EWR9,SeAg_B4886,SeAg_B4886,B5F521,1421,358,Lit_Ecoli_IntAct,Salmonella_enterica_serovar_Agona_SL483,PPI
SeAg_B0424,SeAg_B0424,B5EWR9,SeAg_B0087,SeAg_B0087,B5F759,1421,2000,Lit_Ecoli_IntAct,Salmonella_enterica_serovar_Agona_SL483,PPI
SeAg_B0428,SeAg_B0428,B5EWS3,SeAg_B1285,proQ,B5F3P7,2672,2695,Lit_Ecoli_IntAct,Salmonella_enterica_serovar_Agona_SL483,PPI
SeAg_B0428,SeAg_B0428,B5EWS3,SeAg_B3185,SeAg_B3185,B5F4X8,2672,4451,Lit_Ecoli_IntAct,Salmonella_enterica_serovar_Agona_SL483,PPI
SeAg_B0433,SeAg_B0433,B5EWS8,SeAg_B0458,thiL,B5EXG0,2414,1729,Lit_Ecoli_IntAct,Salmonella_enterica_serovar_Agona_SL483,PPI
SeAg_B0433,SeAg_B0433,B5EWS8,SeAg_B0105,SeAg_B0105,B5F777,2414,2054,Lit_Ecoli_IntAct,Salmonella_enterica_serovar_Agona_SL483,PPI
SeAg_B0436,phoR,B5EWT1,SeAg_B0435,phoB,B5EWT0,3585,197,Interactome3d,Salmonella_enterica_serovar_Agona_SL483,PPI
SeAg_B0446,secD,B5EWU1,SeAg_B1835,pheT,B5F7F7,3293,1404,Lit_Ecoli_IntAct,Salmonella_enterica_serovar_Agona_SL483,PPI
SeAg_B2184,SeAg_B2184,B5EX27,SeAg_B2408,gyrA,B5EYV7,2262,3730,IntAct,Salmonella_enterica_serovar_Agona_SL483,PPI
SeAg_B2194,SeAg_B2194,B5EX37,SeAg_B4826,SeAg_B4826,B5F4B9,1340,360,IntAct,Salmonella_enterica_serovar_Agona_SL483,PPI
SeAg_B2199,hisB,B5EX41,SeAg_B0898,SeAg_B0898,B5F0Y1,1936,1731,Lit_Ecoli_IntAct,Salmonella_enterica_serovar_Agona_SL483,PPI
SeAg_B2202,hisF,B5EX44,SeAg_B2738,SeAg_B2738,B5F1F6,1098,1937,Lit_Ecoli_IntAct,Salmonella_enterica_serovar_Agona_SL483,PPI
SeAg_B2202,hisF,B5EX44,SeAg_B4871,SeAg_B4871,B5F509,1098,1758,Lit_Ecoli_IntAct,Salmonella_enterica_serovar_Agona_SL483,PPI
SeAg_B3848,SeAg_B3848,B5EX46,SeAg_B2572,zipA,B5F0F6,261,1784,IntAct,Salmonella_enterica_serovar_Agona_SL483,PPI
SeAg_B3853,SeAg_B3853,B5EX51,SeAg_B0812,galE,B5F054,2271,3536,Lit_Ecoli_IntAct,Salmonella_enterica_serovar_Agona_SL483,PPI
SeAg_B3853,SeAg_B3853,B5EX51,SeAg_B1041,SeAg_B1041,B5F1W6,2271,1255,Lit_Ecoli_IntAct,Salmonella_enterica_serovar_Agona_SL483,PPI
SeAg_B3853,SeAg_B3853,B5EX51,SeAg_B0147,ddl,B5F7W6,2271,1913,Lit_Ecoli_IntAct,Salmonella_enterica_serovar_Agona_SL483,PPI
SeAg_B3857,SeAg_B3857,B5EX55,SeAg_B3861,SeAg_B3861,B5EX59,1585,155,Lit_Ecoli_IntAct,Salmonella_enterica_serovar_Agona_SL483,PPI
SeAg_B3861,SeAg_B3861,B5EX59,SeAg_B3229,SeAg_B3229,B5F5J2,155,283,IntAct,Salmonella_enterica_serovar_Agona_SL483,PPI
SeAg_B3864,SeAg_B3864,B5EX62,SeAg_B1285,proQ,B5F3P7,2070,2695,Lit_Ecoli_IntAct,Salmonella_enterica_serovar_Agona_SL483,PPI
SeAg_B3869,glyQ,B5EX66,SeAg_B3868,glyS,B5EX65,2057,1184,Lit_Ecoli_IntAct,Salmonella_enterica_serovar_Agona_SL483,PPI
SeAg_B3869,glyQ,B5EX66,SeAg_B0643,SeAg_B0643,B5EYJ5,2057,3654,Lit_Ecoli_IntAct,Salmonella_enterica_serovar_Agona_SL483,PPI
SeAg_B3869,glyQ,B5EX66,SeAg_B3323,hybO,B5F637,2057,2290,Lit_Ecoli_IntAct,Salmonella_enterica_serovar_Agona_SL483,PPI
SeAg_B3869,glyQ,B5EX66,SeAg_B3577,SeAg_B3577,B5F7P6,2057,2370,Lit_Ecoli_IntAct,Salmonella_enterica_serovar_Agona_SL483,PPI
SeAg_B3880,SeAg_B3880,B5EX77,SeAg_B0689,holA,B5EZ87,365,298,Lit_Ecoli_IntAct,Salmonella_enterica_serovar_Agona_SL483,PPI
SeAg_B3881,SeAg_B3881,B5EX78,SeAg_B3577,SeAg_B3577,B5F7P6,3683,2370,Lit_Ecoli_IntAct,Salmonella_enterica_serovar_Agona_SL483,PPI
SeAg_B3891,sgbE,B5EX88,SeAg_B4123,hdfR,B5EZ22,4275,3093,Lit_Ecoli_IntAct,Salmonella_enterica_serovar_Agona_SL483,PPI
SeAg_B3891,sgbE,B5EX88,SeAg_B2963,SeAg_B2963,B5F367,4275,3570,Lit_Ecoli_IntAct,Salmonella_enterica_serovar_Agona_SL483,PPI
SeAg_B3891,sgbE,B5EX88,SeAg_B1413,SeAg_B1413,B5F4L7,4275,3375,IntAct,Salmonella_enterica_serovar_Agona_SL483,PPI
SeAg_B3891,sgbE,B5EX88,SeAg_B3493,rpmA,B5F6V4,4275,27,Lit_Ecoli_IntAct,Salmonella_enterica_serovar_Agona_SL483,PPI
SeAg_B3891,sgbE,B5EX88,SeAg_B0087,SeAg_B0087,B5F759,4275,2000,Lit_Ecoli_IntAct,Salmonella_enterica_serovar_Agona_SL483,PPI
SeAg_B3891,sgbE,B5EX88,SeAg_B3577,SeAg_B3577,B5F7P6,4275,2370,Lit_Ecoli_IntAct,Salmonella_enterica_serovar_Agona_SL483,PPI
SeAg_B3894,aldB,B5EX91,SeAg_B2904,gabD,B5F314,3777,1142,Interactome3d,Salmonella_enterica_serovar_Agona_SL483,PPI
SeAg_B3901,SeAg_B3901,B5EX98,SeAg_B2576,ptsH,B5F0G0,1068,561,Interactome3d,Salmonella_enterica_serovar_Agona_SL483,PPI
SeAg_B3903,mtlR,B5EXA0,SeAg_B2576,ptsH,B5F0G0,3152,561,Lit_Ecoli_IntAct,Salmonella_enterica_serovar_Agona_SL483,PPI
SeAg_B3904,SeAg_B3904,B5EXA1,SeAg_B0911,nfsA,B5F0Z3,3724,1411,Lit_Ecoli_IntAct,Salmonella_enterica_serovar_Agona_SL483,PPI
SeAg_B3911,lldD,B5EXA8,SeAg_B4069,SeAg_B4069,B5EYX5,2890,3987,IntAct,Salmonella_enterica_serovar_Agona_SL483,PPI
SeAg_B3918,gpsA,B5EXB5,SeAg_B3363,yqiA,B5F675,2784,2116,Lit_Ecoli_IntAct,Salmonella_enterica_serovar_Agona_SL483,PPI
SeAg_B3919,secB,B5EXB6,SeAg_B0153,secA,B5F7X1,2367,2356,IntAct_Interactome3d,Salmonella_enterica_serovar_Agona_SL483,PPI
SeAg_B3922,gpmI,B5EXB9,SeAg_B0808,gpmA,B5F050,1653,1169,IntAct,Salmonella_enterica_serovar_Agona_SL483,PPI
SeAg_B3926,tdh,B5EXC3,SeAg_B4608,groEL,B5F2L0,869,1880,Lit_Ecoli_IntAct,Salmonella_enterica_serovar_Agona_SL483,PPI
SeAg_B3943,mutM,B5EXE0,SeAg_B2464,nuoE,B5EZK6,324,2034,Lit_Ecoli_IntAct,Salmonella_enterica_serovar_Agona_SL483,PPI
SeAg_B3943,mutM,B5EXE0,SeAg_B1207,SeAg_B1207,B5F2X0,324,1114,Lit_Ecoli_IntAct,Salmonella_enterica_serovar_Agona_SL483,PPI
SeAg_B3943,mutM,B5EXE0,SeAg_B3162,SeAg_B3162,B5F4V7,324,2283,Lit_Ecoli_IntAct,Salmonella_enterica_serovar_Agona_SL483,PPI
SeAg_B3943,mutM,B5EXE0,SeAg_B4886,SeAg_B4886,B5F521,324,358,Lit_Ecoli_IntAct,Salmonella_enterica_serovar_Agona_SL483,PPI
SeAg_B3944,rpmG,B5EXE1,SeAg_B4392,rplA,B5F0W4,1183,1697,Interactome3d,Salmonella_enterica_serovar_Agona_SL483,PPI
SeAg_B3945,rpmB,B5EXE2,SeAg_B4672,rplI,B5F3C0,790,2583,Interactome3d,Salmonella_enterica_serovar_Agona_SL483,PPI
SeAg_B3949,slmA,B5EXE5,SeAg_B0150,ftsZ,B5F7W9,2235,1789,IntAct,Salmonella_enterica_serovar_Agona_SL483,PPI
SeAg_B0454,nrdR,B5EXF6,SeAg_B4142,trxA,B5EZ41,813,3171,IntAct,Salmonella_enterica_serovar_Agona_SL483,PPI
SeAg_B0454,nrdR,B5EXF6,SeAg_B4549,SeAg_B4549,B5F2G3,813,1360,Lit_Ecoli_IntAct,Salmonella_enterica_serovar_Agona_SL483,PPI
SeAg_B0454,nrdR,B5EXF6,SeAg_B1390,SeAg_B1390,B5F4J6,813,3690,Lit_Ecoli_IntAct,Salmonella_enterica_serovar_Agona_SL483,PPI
SeAg_B0455,ribD,B5EXF7,SeAg_B2830,SeAg_B2830,B5F297,1855,2338,Lit_Ecoli_IntAct,Salmonella_enterica_serovar_Agona_SL483,PPI
SeAg_B0457,nusB,B5EXF9,SeAg_B3637,rpsJ,B5F8F3,895,1695,IntAct_Interactome3d,Salmonella_enterica_serovar_Agona_SL483,PPI
SeAg_B0458,thiL,B5EXG0,SeAg_B0345,SeAg_B0345,B5EWJ4,1729,328,Lit_Ecoli_IntAct,Salmonella_enterica_serovar_Agona_SL483,PPI
SeAg_B0458,thiL,B5EXG0,SeAg_B3185,SeAg_B3185,B5F4X8,1729,4451,Lit_Ecoli_IntAct,Salmonella_enterica_serovar_Agona_SL483,PPI
SeAg_B0462,ispA,B5EXG4,SeAg_B1241,purT,B5F3K8,277,3737,Lit_Ecoli_IntAct,Salmonella_enterica_serovar_Agona_SL483,PPI
SeAg_B0472,SeAg_B0472,B5EXH3,SeAg_B3945,rpmB,B5EXE2,1011,790,IntAct_Biogrid,Salmonella_enterica_serovar_Agona_SL483,PPI
SeAg_B0472,SeAg_B0472,B5EXH3,SeAg_B0691,leuS,B5EZ89,1011,1322,Biogrid,Salmonella_enterica_serovar_Agona_SL483,PPI
SeAg_B0472,SeAg_B0472,B5EXH3,SeAg_B0769,sucA,B5EZF9,1011,1016,Biogrid,Salmonella_enterica_serovar_Agona_SL483,PPI
SeAg_B0472,SeAg_B0472,B5EXH3,SeAg_B2462,nuoG,B5EZK4,1011,3846,Biogrid,Salmonella_enterica_serovar_Agona_SL483,PPI
SeAg_B0472,SeAg_B0472,B5EXH3,SeAg_B4393,rplJ,B5F0W5,1011,2175,Biogrid,Salmonella_enterica_serovar_Agona_SL483,PPI
SeAg_B0472,SeAg_B0472,B5EXH3,SeAg_B1015,pepN,B5F1U1,1011,3822,Biogrid,Salmonella_enterica_serovar_Agona_SL483,PPI
SeAg_B0472,SeAg_B0472,B5EXH3,SeAg_B4608,groEL,B5F2L0,1011,1880,Biogrid,Salmonella_enterica_serovar_Agona_SL483,PPI
SeAg_B0472,SeAg_B0472,B5EXH3,SeAg_B1437,acnA,B5F560,1011,2511,Biogrid,Salmonella_enterica_serovar_Agona_SL483,PPI
SeAg_B0472,SeAg_B0472,B5EXH3,SeAg_B1468,tpx,B5F590,1011,1283,Biogrid,Salmonella_enterica_serovar_Agona_SL483,PPI
SeAg_B0472,SeAg_B0472,B5EXH3,SeAg_B3230,fbaA,B5F5J3,1011,2292,Biogrid,Salmonella_enterica_serovar_Agona_SL483,PPI
SeAg_B0472,SeAg_B0472,B5EXH3,SeAg_B3493,rpmA,B5F6V4,1011,27,IntAct_Biogrid,Salmonella_enterica_serovar_Agona_SL483,PPI
SeAg_B0472,SeAg_B0472,B5EXH3,SeAg_B0013,dnaK,B5F6Y8,1011,2512,Biogrid,Salmonella_enterica_serovar_Agona_SL483,PPI
SeAg_B0472,SeAg_B0472,B5EXH3,SeAg_B0014,dnaJ,B5F6Y9,1011,1436,IntAct_Biogrid,Salmonella_enterica_serovar_Agona_SL483,PPI
SeAg_B0472,SeAg_B0472,B5EXH3,SeAg_B0096,folA,B5F768,1011,1801,Lit_Ecoli_IntAct,Salmonella_enterica_serovar_Agona_SL483,PPI
SeAg_B0472,SeAg_B0472,B5EXH3,SeAg_B1840,thrS,B5F7G2,1011,2445,Biogrid,Salmonella_enterica_serovar_Agona_SL483,PPI
SeAg_B0472,SeAg_B0472,B5EXH3,SeAg_B1853,katE,B5F7H5,1011,464,Biogrid,Salmonella_enterica_serovar_Agona_SL483,PPI
SeAg_B0472,SeAg_B0472,B5EXH3,SeAg_B3612,rpsK,B5F7S3,1011,1517,Biogrid,Salmonella_enterica_serovar_Agona_SL483,PPI
SeAg_B0472,SeAg_B0472,B5EXH3,SeAg_B3621,rplF,B5F7T0,1011,454,Biogrid,Salmonella_enterica_serovar_Agona_SL483,PPI
SeAg_B0472,SeAg_B0472,B5EXH3,SeAg_B3630,rpsC,B5F7T9,1011,3754,Biogrid,Salmonella_enterica_serovar_Agona_SL483,PPI
SeAg_B0472,SeAg_B0472,B5EXH3,SeAg_B0153,secA,B5F7X1,1011,2356,Biogrid,Salmonella_enterica_serovar_Agona_SL483,PPI
SeAg_B0472,SeAg_B0472,B5EXH3,SeAg_B0174,aceE,B5F7Z1,1011,2895,IntAct_Biogrid,Salmonella_enterica_serovar_Agona_SL483,PPI
SeAg_B0472,SeAg_B0472,B5EXH3,SeAg_B3637,rpsJ,B5F8F3,1011,1695,IntAct_Biogrid,Salmonella_enterica_serovar_Agona_SL483,PPI
SeAg_B0472,SeAg_B0472,B5EXH3,SeAg_B3645,rpsL,B5F8G0,1011,2035,Biogrid,Salmonella_enterica_serovar_Agona_SL483,PPI
SeAg_B0472,SeAg_B0472,B5EXH3,SeAg_B3717,malT,B5F8N2,1011,1035,Biogrid,Salmonella_enterica_serovar_Agona_SL483,PPI
SeAg_B0473,panE,B5EXH4,SeAg_B0784,tolB,B5F031,2324,2481,Lit_Ecoli_IntAct,Salmonella_enterica_serovar_Agona_SL483,PPI
SeAg_B0474,SeAg_B0474,B5EXH5,SeAg_B4142,trxA,B5EZ41,153,3171,IntAct,Salmonella_enterica_serovar_Agona_SL483,PPI
SeAg_B0480,cyoC,B5EXI1,SeAg_B0481,cyoB,B5EXI2,899,886,Interactome3d,Salmonella_enterica_serovar_Agona_SL483,PPI
SeAg_B0480,cyoC,B5EXI1,SeAg_B0482,cyoA,B5EXI3,899,43,IntAct,Salmonella_enterica_serovar_Agona_SL483,PPI
SeAg_B0482,cyoA,B5EXI3,SeAg_B0479,cyoD,B5EXI0,43,1172,IntAct,Salmonella_enterica_serovar_Agona_SL483,PPI
SeAg_B0482,cyoA,B5EXI3,SeAg_B0481,cyoB,B5EXI2,43,886,IntAct_Interactome3d,Salmonella_enterica_serovar_Agona_SL483,PPI
SeAg_B0486,SeAg_B0486,B5EXI6,SeAg_B2576,ptsH,B5F0G0,2567,561,Lit_Ecoli_IntAct,Salmonella_enterica_serovar_Agona_SL483,PPI
SeAg_B0486,SeAg_B0486,B5EXI6,SeAg_B2738,SeAg_B2738,B5F1F6,2567,1937,Lit_Ecoli_IntAct,Salmonella_enterica_serovar_Agona_SL483,PPI
SeAg_B0486,SeAg_B0486,B5EXI6,SeAg_B3323,hybO,B5F637,2567,2290,Lit_Ecoli_IntAct,Salmonella_enterica_serovar_Agona_SL483,PPI
SeAg_B0487,tig,B5EXI7,SeAg_B4611,SeAg_B4611,B5F2L3,3100,2668,IntAct,Salmonella_enterica_serovar_Agona_SL483,PPI
SeAg_B0487,tig,B5EXI7,SeAg_B3252,metK,B5F5L4,3100,93,IntAct,Salmonella_enterica_serovar_Agona_SL483,PPI
SeAg_B0487,tig,B5EXI7,SeAg_B2008,flgH,B5F927,3100,224,IntAct,Salmonella_enterica_serovar_Agona_SL483,PPI
SeAg_B0488,clpP,B5EXI8,SeAg_B0489,clpX,B5EXI9,3174,1462,IntAct,Salmonella_enterica_serovar_Agona_SL483,PPI
SeAg_B0488,clpP,B5EXI8,SeAg_B4142,trxA,B5EZ41,3174,3171,IntAct,Salmonella_enterica_serovar_Agona_SL483,PPI
SeAg_B0488,clpP,B5EXI8,SeAg_B0834,uvrB,B5F076,3174,1831,IntAct,Salmonella_enterica_serovar_Agona_SL483,PPI
SeAg_B0488,clpP,B5EXI8,SeAg_B0947,clpA,B5F128,3174,2135,IntAct,Salmonella_enterica_serovar_Agona_SL483,PPI
SeAg_B0490,lon,B5EXJ0,SeAg_B4050,torA,B5EY98,3013,864,IntAct,Salmonella_enterica_serovar_Agona_SL483,PPI
SeAg_B0490,lon,B5EXJ0,SeAg_B0947,clpA,B5F128,3013,2135,Interactome3d,Salmonella_enterica_serovar_Agona_SL483,PPI
SeAg_B0491,hupB,B5EXJ1,SeAg_B4142,trxA,B5EZ41,2776,3171,IntAct,Salmonella_enterica_serovar_Agona_SL483,PPI
SeAg_B0491,hupB,B5EXJ1,SeAg_B0988,ihfB,B5F165,2776,894,IntAct_Interactome3d,Salmonella_enterica_serovar_Agona_SL483,PPI
SeAg_B0491,hupB,B5EXJ1,SeAg_B4871,SeAg_B4871,B5F509,2776,1758,Lit_Ecoli_IntAct,Salmonella_enterica_serovar_Agona_SL483,PPI
SeAg_B0491,hupB,B5EXJ1,SeAg_B1834,ihfA,B5F7F6,2776,2956,IntAct_Interactome3d,Salmonella_enterica_serovar_Agona_SL483,PPI
SeAg_B0503,SeAg_B0503,B5EXK3,SeAg_B2720,SeAg_B2720,B5F1E1,3436,2233,Lit_Ecoli_IntAct_Interactome3d,Salmonella_enterica_serovar_Agona_SL483,PPI
SeAg_B0503,SeAg_B0503,B5EXK3,SeAg_B0143,murD,B5F7W2,3436,914,Lit_Ecoli_IntAct,Salmonella_enterica_serovar_Agona_SL483,PPI
SeAg_B0504,SeAg_B0504,B5EXK4,SeAg_B0503,SeAg_B0503,B5EXK3,2863,3436,Lit_Ecoli_IntAct_Interactome3d,Salmonella_enterica_serovar_Agona_SL483,PPI
SeAg_B0504,SeAg_B0504,B5EXK4,SeAg_B4238,glnL,B5EZX7,2863,2959,Lit_Ecoli_IntAct,Salmonella_enterica_serovar_Agona_SL483,PPI
SeAg_B0504,SeAg_B0504,B5EXK4,SeAg_B2720,SeAg_B2720,B5F1E1,2863,2233,Lit_Ecoli_IntAct_Interactome3d,Salmonella_enterica_serovar_Agona_SL483,PPI
SeAg_B0506,SeAg_B0506,B5EXK6,SeAg_B2527,sixA,B5EZR8,577,102,Lit_Ecoli_IntAct,Salmonella_enterica_serovar_Agona_SL483,PPI
SeAg_B0510,rpmE2,B5EXK9,SeAg_B3517,elbB,B5F6X8,1433,131,Lit_Ecoli_IntAct,Salmonella_enterica_serovar_Agona_SL483,PPI
SeAg_B0516,acrB,B5EXL5,SeAg_B0445,yajC,B5EWU0,299,2992,Interactome3d,Salmonella_enterica_serovar_Agona_SL483,PPI
SeAg_B0516,acrB,B5EXL5,SeAg_B0517,acrA,B5EXL6,299,2180,IntAct,Salmonella_enterica_serovar_Agona_SL483,PPI
SeAg_B0516,acrB,B5EXL5,SeAg_B0816,SeAg_B0816,B5F058,299,2202,IntAct_Interactome3d,Salmonella_enterica_serovar_Agona_SL483,PPI
SeAg_B0518,acrR,B5EXL7,SeAg_B3904,SeAg_B3904,B5EXA1,64,3724,Lit_Ecoli_IntAct,Salmonella_enterica_serovar_Agona_SL483,PPI
SeAg_B0518,acrR,B5EXL7,SeAg_B1311,SeAg_B1311,B5F3S1,64,3487,Lit_Ecoli_IntAct,Salmonella_enterica_serovar_Agona_SL483,PPI
SeAg_B0518,acrR,B5EXL7,SeAg_B1662,SeAg_B1662,B5F6D5,64,1669,Lit_Ecoli_IntAct,Salmonella_enterica_serovar_Agona_SL483,PPI
SeAg_B0518,acrR,B5EXL7,SeAg_B3577,SeAg_B3577,B5F7P6,64,2370,Lit_Ecoli_IntAct,Salmonella_enterica_serovar_Agona_SL483,PPI
SeAg_B0521,SeAg_B0521,B5EXM0,SeAg_B2945,csrA,B5F349,596,4235,Lit_Ecoli_IntAct,Salmonella_enterica_serovar_Agona_SL483,PPI
SeAg_B0537,gsk,B5EXN4,SeAg_B0836,SeAg_B0836,B5F078,84,3202,Lit_Ecoli_IntAct,Salmonella_enterica_serovar_Agona_SL483,PPI
SeAg_B2205,SeAg_B2205,B5EXQ7,SeAg_B0834,uvrB,B5F076,2588,1831,Lit_Ecoli_IntAct,Salmonella_enterica_serovar_Agona_SL483,PPI
SeAg_B2206,gnd,B5EXQ8,SeAg_B0350,pepD,B5EWJ9,2697,4070,IntAct,Salmonella_enterica_serovar_Agona_SL483,PPI
SeAg_B2222,rfbB,B5EXS4,SeAg_B1083,putA,B5F207,88,3469,Lit_Ecoli_IntAct,Salmonella_enterica_serovar_Agona_SL483,PPI
SeAg_B2222,rfbB,B5EXS4,SeAg_B1409,SeAg_B1409,B5F4L3,88,1820,Lit_Ecoli_IntAct,Salmonella_enterica_serovar_Agona_SL483,PPI
SeAg_B2223,galF,B5EXS5,SeAg_B1393,galU,B5F4J9,128,1680,IntAct_Interactome3d,Salmonella_enterica_serovar_Agona_SL483,PPI
SeAg_B2242,wzb,B5EXU4,SeAg_B2241,SeAg_B2241,B5EXU3,3779,2250,IntAct,Salmonella_enterica_serovar_Agona_SL483,PPI
SeAg_B2257,SeAg_B2257,B5EXV7,SeAg_B2258,mdtC,B5EXV8,488,947,IntAct_Interactome3d,Salmonella_enterica_serovar_Agona_SL483,PPI
SeAg_B2283,SeAg_B2283,B5EXY0,SeAg_B0764,gltA,B5EZF4,3840,3102,Lit_Ecoli_IntAct,Salmonella_enterica_serovar_Agona_SL483,PPI
SeAg_B2283,SeAg_B2283,B5EXY0,SeAg_B3782,SeAg_B3782,B5F9E2,3840,1265,Lit_Ecoli_IntAct,Salmonella_enterica_serovar_Agona_SL483,PPI
SeAg_B2293,SeAg_B2293,B5EXY8,SeAg_B2527,sixA,B5EZR8,1301,102,Lit_Ecoli_IntAct,Salmonella_enterica_serovar_Agona_SL483,PPI
SeAg_B2293,SeAg_B2293,B5EXY8,SeAg_B0877,SeAg_B0877,B5F0B8,1301,3111,Lit_Ecoli_IntAct,Salmonella_enterica_serovar_Agona_SL483,PPI
SeAg_B2300,metG,B5EXZ5,SeAg_B3633,rplB,B5F8E9,3832,246,Lit_Ecoli_IntAct,Salmonella_enterica_serovar_Agona_SL483,PPI
SeAg_B2306,SeAg_B2306,B5EY01,SeAg_B0546,cueR,B5EXP2,968,687,IntAct,Salmonella_enterica_serovar_Agona_SL483,PPI
SeAg_B2309,SeAg_B2309,B5EY04,SeAg_B0486,SeAg_B0486,B5EXI6,2137,2567,Lit_Ecoli_IntAct,Salmonella_enterica_serovar_Agona_SL483,PPI
SeAg_B2313,pbpG,B5EY08,SeAg_B2301,SeAg_B2301,B5EXZ6,3345,404,Lit_Ecoli_IntAct,Salmonella_enterica_serovar_Agona_SL483,PPI
SeAg_B2313,pbpG,B5EY08,SeAg_B2464,nuoE,B5EZK6,3345,2034,Lit_Ecoli_IntAct,Salmonella_enterica_serovar_Agona_SL483,PPI
SeAg_B2313,pbpG,B5EY08,SeAg_B4263,SeAg_B4263,B5F002,3345,3944,Lit_Ecoli_IntAct,Salmonella_enterica_serovar_Agona_SL483,PPI
SeAg_B2313,pbpG,B5EY08,SeAg_B2643,hda,B5F171,3345,1743,Lit_Ecoli_IntAct,Salmonella_enterica_serovar_Agona_SL483,PPI
SeAg_B2313,pbpG,B5EY08,SeAg_B1264,SeAg_B1264,B5F3M6,3345,3944,Lit_Ecoli_IntAct,Salmonella_enterica_serovar_Agona_SL483,PPI
SeAg_B3958,rpoZ,B5EY10,SeAg_B4142,trxA,B5EZ41,2062,3171,IntAct,Salmonella_enterica_serovar_Agona_SL483,PPI
SeAg_B3958,rpoZ,B5EY10,SeAg_B3610,rpoA,B5F7S1,2062,1508,IntAct_Interactome3d,Salmonella_enterica_serovar_Agona_SL483,PPI
SeAg_B3959,SeAg_B3959,B5EY11,SeAg_B1990,acpP,B5F911,2010,883,IntAct,Salmonella_enterica_serovar_Agona_SL483,PPI
SeAg_B3985,SeAg_B3985,B5EY34,SeAg_B1220,SeAg_B1220,B5F3I7,957,1629,Lit_Ecoli_IntAct,Salmonella_enterica_serovar_Agona_SL483,PPI
SeAg_B3999,SeAg_B3999,B5EY48,SeAg_B1285,proQ,B5F3P7,2804,2695,Lit_Ecoli_IntAct,Salmonella_enterica_serovar_Agona_SL483,PPI
SeAg_B4009,SeAg_B4009,B5EY57,SeAg_B0259,frr,B5F8T3,271,424,Lit_Ecoli_IntAct,Salmonella_enterica_serovar_Agona_SL483,PPI
SeAg_B4016,uhpA,B5EY64,SeAg_B1017,SeAg_B1017,B5F1U3,2700,804,Lit_Ecoli_IntAct,Salmonella_enterica_serovar_Agona_SL483,PPI
SeAg_B4016,uhpA,B5EY64,SeAg_B1285,proQ,B5F3P7,2700,2695,Lit_Ecoli_IntAct,Salmonella_enterica_serovar_Agona_SL483,PPI
SeAg_B4016,uhpA,B5EY64,SeAg_B3185,SeAg_B3185,B5F4X8,2700,4451,Lit_Ecoli_IntAct,Salmonella_enterica_serovar_Agona_SL483,PPI
SeAg_B4021,ilvN,B5EY69,SeAg_B4022,ilvB,B5EY70,1245,2187,Lit_Ecoli_IntAct,Salmonella_enterica_serovar_Agona_SL483,PPI
SeAg_B4021,ilvN,B5EY69,SeAg_B2521,SeAg_B2521,B5EZR3,1245,657,Lit_Ecoli_IntAct,Salmonella_enterica_serovar_Agona_SL483,PPI
SeAg_B4036,ibpA,B5EY84,SeAg_B4035,ibpB,B5EY83,2160,980,IntAct_Interactome3d,Salmonella_enterica_serovar_Agona_SL483,PPI
SeAg_B4040,SeAg_B4040,B5EY88,SeAg_B2384,,,,,,,
SeAg_B4041,SeAg_B4041,B5EY89,SeAg_B4601,dipZ,B5F2K3,2326,1334,Interactome3d,Salmonella_enterica_serovar_Agona_SL483,PPI
SeAg_B4050,torA,B5EY98,SeAg_B4049,torD,B5EY97,864,1565,IntAct,Salmonella_enterica_serovar_Agona_SL483,PPI
SeAg_B4050,torA,B5EY98,SeAg_B1677,SeAg_B1677,B5F6F0,864,1911,IntAct,Salmonella_enterica_serovar_Agona_SL483,PPI
SeAg_B4052,SeAg_B4052,B5EYA0,SeAg_B4054,torS,B5EYA3,60,2968,Lit_Ecoli_IntAct_Interactome3d,Salmonella_enterica_serovar_Agona_SL483,PPI
SeAg_B4052,SeAg_B4052,B5EYA0,SeAg_B1779,SeAg_B1779,B5F7A6,60,2968,Lit_Ecoli_IntAct_Interactome3d,Salmonella_enterica_serovar_Agona_SL483,PPI
SeAg_B4063,gyrB,B5EYB1,SeAg_B2408,gyrA,B5EYV7,962,3730,IntAct_Interactome3d,Salmonella_enterica_serovar_Agona_SL483,PPI
SeAg_B4064,recF,B5EYB2,SeAg_B1285,proQ,B5F3P7,2387,2695,Lit_Ecoli_IntAct,Salmonella_enterica_serovar_Agona_SL483,PPI
SeAg_B4065,dnaN,B5EYB3,SeAg_B0347,SeAg_B0347,B5EWJ6,3473,1616,IntAct_Interactome3d,Salmonella_enterica_serovar_Agona_SL483,PPI
SeAg_B4065,dnaN,B5EYB3,SeAg_B2369,SeAg_B2369,B5EYS2,3473,3746,Lit_Ecoli_IntAct,Salmonella_enterica_serovar_Agona_SL483,PPI
SeAg_B4065,dnaN,B5EYB3,SeAg_B0689,holA,B5EZ87,3473,298,Lit_Ecoli_IntAct_Interactome3d,Salmonella_enterica_serovar_Agona_SL483,PPI
SeAg_B4065,dnaN,B5EYB3,SeAg_B2643,hda,B5F171,3473,1743,Lit_Ecoli_IntAct,Salmonella_enterica_serovar_Agona_SL483,PPI
SeAg_B4065,dnaN,B5EYB3,SeAg_B4762,holC,B5F464,3473,156,IntAct,Salmonella_enterica_serovar_Agona_SL483,PPI
SeAg_B4065,dnaN,B5EYB3,SeAg_B4878,holD,B5F513,3473,2169,IntAct,Salmonella_enterica_serovar_Agona_SL483,PPI
SeAg_B4065,dnaN,B5EYB3,SeAg_B0272,dnaE,B5F8U5,3473,587,Lit_Ecoli_IntAct,Salmonella_enterica_serovar_Agona_SL483,PPI
SeAg_B0561,SeAg_B0561,B5EYB5,SeAg_B0573,allC,B5EYC7,4024,2471,Lit_Ecoli_IntAct,Salmonella_enterica_serovar_Agona_SL483,PPI
SeAg_B0563,allR,B5EYB7,SeAg_B0078,caiC,B5F750,2988,3631,Lit_Ecoli_IntAct,Salmonella_enterica_serovar_Agona_SL483,PPI
SeAg_B0565,hyi,B5EYB9,SeAg_B3185,SeAg_B3185,B5F4X8,1567,4451,Lit_Ecoli_IntAct,Salmonella_enterica_serovar_Agona_SL483,PPI
SeAg_B0566,SeAg_B0566,B5EYC0,SeAg_B3185,SeAg_B3185,B5F4X8,2095,4451,Lit_Ecoli_IntAct,Salmonella_enterica_serovar_Agona_SL483,PPI
SeAg_B0589,SeAg_B0589,B5EYE3,SeAg_B0812,galE,B5F054,2271,3536,Lit_Ecoli_IntAct,Salmonella_enterica_serovar_Agona_SL483,PPI
SeAg_B0589,SeAg_B0589,B5EYE3,SeAg_B1041,SeAg_B1041,B5F1W6,2271,1255,Lit_Ecoli_IntAct,Salmonella_enterica_serovar_Agona_SL483,PPI
SeAg_B0589,SeAg_B0589,B5EYE3,SeAg_B0147,ddl,B5F7W6,2271,1913,Lit_Ecoli_IntAct,Salmonella_enterica_serovar_Agona_SL483,PPI
SeAg_B0591,SeAg_B0591,B5EYE5,SeAg_B4916,SeAg_B4916,B5F550,2098,1199,IntAct,Salmonella_enterica_serovar_Agona_SL483,PPI
SeAg_B0595,SeAg_B0595,B5EYE9,SeAg_B4238,glnL,B5EZX7,511,2959,Lit_Ecoli_IntAct,Salmonella_enterica_serovar_Agona_SL483,PPI
SeAg_B0595,SeAg_B0595,B5EYE9,SeAg_B0834,uvrB,B5F076,511,1831,Lit_Ecoli_IntAct,Salmonella_enterica_serovar_Agona_SL483,PPI
SeAg_B0627,entF,B5EYH9,SeAg_B4342,rpmE,B5F0S7,2866,212,Lit_Ecoli_IntAct,Salmonella_enterica_serovar_Agona_SL483,PPI
SeAg_B0627,entF,B5EYH9,SeAg_B0087,SeAg_B0087,B5F759,2866,2000,Lit_Ecoli_IntAct,Salmonella_enterica_serovar_Agona_SL483,PPI
SeAg_B0628,SeAg_B0628,B5EYI0,SeAg_B0005,SeAg_B0005,B5F6C4,4084,2007,Lit_Ecoli_IntAct,Salmonella_enterica_serovar_Agona_SL483,PPI
SeAg_B0628,SeAg_B0628,B5EYI0,SeAg_B1696,SeAg_B1696,B5F6G9,4084,3109,Lit_Ecoli_IntAct,Salmonella_enterica_serovar_Agona_SL483,PPI
SeAg_B0628,SeAg_B0628,B5EYI0,SeAg_B0086,fixC,B5F758,4084,3342,Lit_Ecoli_IntAct,Salmonella_enterica_serovar_Agona_SL483,PPI
SeAg_B0635,entE,B5EYI7,SeAg_B0636,entB,B5EYI8,614,3159,Lit_Ecoli_IntAct_Interactome3d,Salmonella_enterica_serovar_Agona_SL483,PPI
SeAg_B0636,entB,B5EYI8,SeAg_B0638,SeAg_B0638,B5EYJ0,3159,1007,IntAct,Salmonella_enterica_serovar_Agona_SL483,PPI
SeAg_B0641,SeAg_B0641,B5EYJ3,SeAg_B2782,SeAg_B2782,B5F250,2036,1273,Lit_Ecoli_IntAct,Salmonella_enterica_serovar_Agona_SL483,PPI
SeAg_B0641,SeAg_B0641,B5EYJ3,SeAg_B2849,SeAg_B2849,B5F2B2,2036,1273,Lit_Ecoli_IntAct,Salmonella_enterica_serovar_Agona_SL483,PPI
SeAg_B0641,SeAg_B0641,B5EYJ3,SeAg_B2963,SeAg_B2963,B5F367,2036,3570,Lit_Ecoli_IntAct,Salmonella_enterica_serovar_Agona_SL483,PPI
SeAg_B0641,SeAg_B0641,B5EYJ3,SeAg_B0087,SeAg_B0087,B5F759,2036,2000,Lit_Ecoli_IntAct,Salmonella_enterica_serovar_Agona_SL483,PPI
SeAg_B0642,SeAg_B0642,B5EYJ4,SeAg_B0481,cyoB,B5EXI2,1498,886,Lit_Ecoli_IntAct,Salmonella_enterica_serovar_Agona_SL483,PPI
SeAg_B0642,SeAg_B0642,B5EYJ4,SeAg_B0533,adk,B5EXN0,1498,3593,Lit_Ecoli_IntAct,Salmonella_enterica_serovar_Agona_SL483,PPI
SeAg_B0642,SeAg_B0642,B5EYJ4,SeAg_B2421,glpB,B5EYX0,1498,1890,Lit_Ecoli_IntAct,Salmonella_enterica_serovar_Agona_SL483,PPI
SeAg_B0642,SeAg_B0642,B5EYJ4,SeAg_B0087,SeAg_B0087,B5F759,1498,2000,Lit_Ecoli_IntAct,Salmonella_enterica_serovar_Agona_SL483,PPI
SeAg_B0642,SeAg_B0642,B5EYJ4,SeAg_B0272,dnaE,B5F8U5,1498,587,Lit_Ecoli_IntAct,Salmonella_enterica_serovar_Agona_SL483,PPI
SeAg_B0643,SeAg_B0643,B5EYJ5,SeAg_B0518,acrR,B5EXL7,3654,64,Lit_Ecoli_IntAct,Salmonella_enterica_serovar_Agona_SL483,PPI
SeAg_B0643,SeAg_B0643,B5EYJ5,SeAg_B3999,SeAg_B3999,B5EY48,3654,2804,Lit_Ecoli_IntAct,Salmonella_enterica_serovar_Agona_SL483,PPI
SeAg_B0643,SeAg_B0643,B5EYJ5,SeAg_B0656,SeAg_B0656,B5EYK6,3654,2799,Lit_Ecoli_IntAct,Salmonella_enterica_serovar_Agona_SL483,PPI
SeAg_B0643,SeAg_B0643,B5EYJ5,SeAg_B0697,SeAg_B0697,B5EZ95,3654,2857,Lit_Ecoli_IntAct,Salmonella_enterica_serovar_Agona_SL483,PPI
SeAg_B0643,SeAg_B0643,B5EYJ5,SeAg_B0834,uvrB,B5F076,3654,1831,Lit_Ecoli_IntAct,Salmonella_enterica_serovar_Agona_SL483,PPI
SeAg_B0643,SeAg_B0643,B5EYJ5,SeAg_B2604,eutA,B5F0I8,3654,874,Lit_Ecoli_IntAct,Salmonella_enterica_serovar_Agona_SL483,PPI
SeAg_B0643,SeAg_B0643,B5EYJ5,SeAg_B2611,eutD,B5F0J4,3654,16,Lit_Ecoli_IntAct,Salmonella_enterica_serovar_Agona_SL483,PPI
SeAg_B0643,SeAg_B0643,B5EYJ5,SeAg_B2820,rimM,B5F288,3654,2812,Lit_Ecoli_IntAct,Salmonella_enterica_serovar_Agona_SL483,PPI
SeAg_B0643,SeAg_B0643,B5EYJ5,SeAg_B2963,SeAg_B2963,B5F367,3654,3570,Lit_Ecoli_IntAct,Salmonella_enterica_serovar_Agona_SL483,PPI
SeAg_B0643,SeAg_B0643,B5EYJ5,SeAg_B1381,SeAg_B1381,B5F4J4,3654,2857,Lit_Ecoli_IntAct,Salmonella_enterica_serovar_Agona_SL483,PPI
SeAg_B0643,SeAg_B0643,B5EYJ5,SeAg_B3162,SeAg_B3162,B5F4V7,3654,2283,Lit_Ecoli_IntAct,Salmonella_enterica_serovar_Agona_SL483,PPI
SeAg_B0643,SeAg_B0643,B5EYJ5,SeAg_B3580,SeAg_B3580,B5F7P9,3654,64,Lit_Ecoli_IntAct,Salmonella_enterica_serovar_Agona_SL483,PPI
SeAg_B0643,SeAg_B0643,B5EYJ5,SeAg_B3717,malT,B5F8N2,3654,1035,Lit_Ecoli_IntAct,Salmonella_enterica_serovar_Agona_SL483,PPI
SeAg_B0645,SeAg_B0645,B5EYJ7,SeAg_B3577,SeAg_B3577,B5F7P6,3333,2370,Lit_Ecoli_IntAct,Salmonella_enterica_serovar_Agona_SL483,PPI
SeAg_B0647,ahpC,B5EYJ9,SeAg_B0472,SeAg_B0472,B5EXH3,1258,1011,Biogrid,Salmonella_enterica_serovar_Agona_SL483,PPI
SeAg_B0647,ahpC,B5EYJ9,SeAg_B1988,pabC,B5F909,1258,2825,Lit_Ecoli_IntAct,Salmonella_enterica_serovar_Agona_SL483,PPI
SeAg_B0653,SeAg_B0653,B5EYK4,SeAg_B2249,udk,B5EXV0,466,1109,Lit_Ecoli_IntAct,Salmonella_enterica_serovar_Agona_SL483,PPI
SeAg_B0656,SeAg_B0656,B5EYK6,SeAg_B3577,SeAg_B3577,B5F7P6,2799,2370,Lit_Ecoli_IntAct,Salmonella_enterica_serovar_Agona_SL483,PPI
SeAg_B0667,dpiA,B5EYL7,SeAg_B2602,eutC,B5F0I6,2976,2957,Lit_Ecoli_IntAct,Salmonella_enterica_serovar_Agona_SL483,PPI
SeAg_B0667,dpiA,B5EYL7,SeAg_B1319,minC,B5F3S8,2976,970,Lit_Ecoli_IntAct,Salmonella_enterica_serovar_Agona_SL483,PPI
SeAg_B0667,dpiA,B5EYL7,SeAg_B4886,SeAg_B4886,B5F521,2976,358,Lit_Ecoli_IntAct,Salmonella_enterica_serovar_Agona_SL483,PPI
SeAg_B0667,dpiA,B5EYL7,SeAg_B3323,hybO,B5F637,2976,2290,Lit_Ecoli_IntAct,Salmonella_enterica_serovar_Agona_SL483,PPI
SeAg_B2329,cdd,B5EYN3,SeAg_B2172,SeAg_B2172,B5EX15,2753,3646,Lit_Ecoli_IntAct,Salmonella_enterica_serovar_Agona_SL483,PPI
SeAg_B2329,cdd,B5EYN3,SeAg_B2609,eutN,B5F0J3,2753,3646,Lit_Ecoli_IntAct,Salmonella_enterica_serovar_Agona_SL483,PPI
SeAg_B2333,SeAg_B2333,B5EYN7,SeAg_B2332,SeAg_B2332,B5EYN6,1878,2526,IntAct,Salmonella_enterica_serovar_Agona_SL483,PPI
SeAg_B2337,galS,B5EYP1,SeAg_B3160,SeAg_B3160,B5F4V6,4170,771,Lit_Ecoli_IntAct_Interactome3d,Salmonella_enterica_serovar_Agona_SL483,PPI
SeAg_B2345,SeAg_B2345,B5EYP9,SeAg_B4092,atpA,B5EYZ8,574,2601,Lit_Ecoli_IntAct,Salmonella_enterica_serovar_Agona_SL483,PPI
SeAg_B2352,SeAg_B2352,B5EYQ6,SeAg_B1965,lolE,B5F8D4,121,190,Lit_Ecoli_IntAct,Salmonella_enterica_serovar_Agona_SL483,PPI
SeAg_B2361,SeAg_B2361,B5EYR4,SeAg_B3904,SeAg_B3904,B5EXA1,3710,3724,Lit_Ecoli_IntAct,Salmonella_enterica_serovar_Agona_SL483,PPI
SeAg_B2361,SeAg_B2361,B5EYR4,SeAg_B0636,entB,B5EYI8,3710,3159,Lit_Ecoli_IntAct,Salmonella_enterica_serovar_Agona_SL483,PPI
SeAg_B2361,SeAg_B2361,B5EYR4,SeAg_B1740,rnt,B5F6L3,3710,1869,Lit_Ecoli_IntAct,Salmonella_enterica_serovar_Agona_SL483,PPI
SeAg_B2381,SeAg_B2381,B5EYT3,SeAg_B0345,SeAg_B0345,B5EWJ4,697,328,Lit_Ecoli_IntAct,Salmonella_enterica_serovar_Agona_SL483,PPI
SeAg_B2381,SeAg_B2381,B5EYT3,SeAg_B2624,SeAg_B2624,B5F0K7,697,4131,Lit_Ecoli_IntAct,Salmonella_enterica_serovar_Agona_SL483,PPI
SeAg_B2382,SeAg_B2382,B5EYT4,SeAg_B2384,,,,,,,
SeAg_B2383,SeAg_B2383,B5EYT5,SeAg_B4601,dipZ,B5F2K3,2326,1334,Interactome3d,Salmonella_enterica_serovar_Agona_SL483,PPI
SeAg_B2385,ccmE,B5EYT7,SeAg_B2384,,,,,,,
SeAg_B2385,ccmE,B5EYT7,SeAg_B4044,ccmD,B5EY92,4112,3881,IntAct,Salmonella_enterica_serovar_Agona_SL483,PPI
SeAg_B2385,ccmE,B5EYT7,SeAg_B2387,ccmC,B5EYT9,4112,2993,IntAct,Salmonella_enterica_serovar_Agona_SL483,PPI
SeAg_B2387,ccmC,B5EYT9,SeAg_B4044,ccmD,B5EY92,2993,3881,IntAct,Salmonella_enterica_serovar_Agona_SL483,PPI
SeAg_B2401,SeAg_B2401,B5EYV1,SeAg_B2172,SeAg_B2172,B5EX15,2884,3646,Lit_Ecoli_IntAct,Salmonella_enterica_serovar_Agona_SL483,PPI
SeAg_B2401,SeAg_B2401,B5EYV1,SeAg_B2609,eutN,B5F0J3,2884,3646,Lit_Ecoli_IntAct,Salmonella_enterica_serovar_Agona_SL483,PPI
SeAg_B2401,SeAg_B2401,B5EYV1,SeAg_B2643,hda,B5F171,2884,1743,Lit_Ecoli_IntAct,Salmonella_enterica_serovar_Agona_SL483,PPI
SeAg_B2403,SeAg_B2403,B5EYV3,SeAg_B4142,trxA,B5EZ41,881,3171,IntAct,Salmonella_enterica_serovar_Agona_SL483,PPI
SeAg_B2403,SeAg_B2403,B5EYV3,SeAg_B0248,degP,B5F8S3,881,1158,IntAct_Interactome3d,Salmonella_enterica_serovar_Agona_SL483,PPI
SeAg_B2406,rcsB,B5EYV5,SeAg_B2405,SeAg_B2405,B5EYV4,2328,3465,IntAct_Interactome3d,Salmonella_enterica_serovar_Agona_SL483,PPI
SeAg_B2406,rcsB,B5EYV5,SeAg_B4142,trxA,B5EZ41,2328,3171,IntAct,Salmonella_enterica_serovar_Agona_SL483,PPI
SeAg_B2406,rcsB,B5EYV5,SeAg_B2672,SeAg_B2672,B5F196,2328,1786,IntAct,Salmonella_enterica_serovar_Agona_SL483,PPI
SeAg_B2406,rcsB,B5EYV5,SeAg_B4869,SeAg_B4869,B5F507,2328,3946,IntAct_Interactome3d,Salmonella_enterica_serovar_Agona_SL483,PPI
SeAg_B2408,gyrA,B5EYV7,SeAg_B1206,cheY,B5F2W9,3730,2383,IntAct,Salmonella_enterica_serovar_Agona_SL483,PPI
SeAg_B2408,gyrA,B5EYV7,SeAg_B1650,marR,B5F615,3730,764,IntAct,Salmonella_enterica_serovar_Agona_SL483,PPI
SeAg_B2408,gyrA,B5EYV7,SeAg_B3355,parC,B5F667,3730,3879,IntAct_Interactome3d,Salmonella_enterica_serovar_Agona_SL483,PPI
SeAg_B2408,gyrA,B5EYV7,SeAg_B3493,rpmA,B5F6V4,3730,27,IntAct,Salmonella_enterica_serovar_Agona_SL483,PPI
SeAg_B2408,gyrA,B5EYV7,SeAg_B0013,dnaK,B5F6Y8,3730,2512,IntAct,Salmonella_enterica_serovar_Agona_SL483,PPI
SeAg_B2412,ubiG,B5EYW1,SeAg_B3216,ubiH,B5F5I3,1095,2666,Lit_Ecoli_IntAct,Salmonella_enterica_serovar_Agona_SL483,PPI
SeAg_B2412,ubiG,B5EYW1,SeAg_B3631,rplV,B5F8E7,1095,3935,Lit_Ecoli_IntAct,Salmonella_enterica_serovar_Agona_SL483,PPI
SeAg_B2418,glpQ,B5EYW7,SeAg_B1143,fliM,B5F2R1,473,1344,IntAct,Salmonella_enterica_serovar_Agona_SL483,PPI
SeAg_B2418,glpQ,B5EYW7,SeAg_B1158,SeAg_B1158,B5F2S6,473,3288,IntAct,Salmonella_enterica_serovar_Agona_SL483,PPI
SeAg_B2418,glpQ,B5EYW7,SeAg_B1159,fliS,B5F2S7,473,796,IntAct,Salmonella_enterica_serovar_Agona_SL483,PPI
SeAg_B2418,glpQ,B5EYW7,SeAg_B1200,SeAg_B1200,B5F2W3,473,1259,IntAct,Salmonella_enterica_serovar_Agona_SL483,PPI
SeAg_B2418,glpQ,B5EYW7,SeAg_B3681,gph,B5F8J6,473,1323,IntAct,Salmonella_enterica_serovar_Agona_SL483,PPI
SeAg_B2418,glpQ,B5EYW7,SeAg_B2005,flgK,B5F924,473,456,IntAct,Salmonella_enterica_serovar_Agona_SL483,PPI
SeAg_B2418,glpQ,B5EYW7,SeAg_B2009,flgG,B5F928,473,2249,IntAct,Salmonella_enterica_serovar_Agona_SL483,PPI
SeAg_B2418,glpQ,B5EYW7,SeAg_B2010,flgF,B5F929,473,644,IntAct,Salmonella_enterica_serovar_Agona_SL483,PPI
SeAg_B2422,glpC,B5EYX1,SeAg_B0834,uvrB,B5F076,2998,1831,Lit_Ecoli_IntAct,Salmonella_enterica_serovar_Agona_SL483,PPI
SeAg_B4066,dnaA,B5EYX2,SeAg_B0491,hupB,B5EXJ1,195,2776,IntAct,Salmonella_enterica_serovar_Agona_SL483,PPI
SeAg_B4066,dnaA,B5EYX2,SeAg_B0868,SeAg_B0868,B5F0B0,195,2497,IntAct,Salmonella_enterica_serovar_Agona_SL483,PPI
SeAg_B4066,dnaA,B5EYX2,SeAg_B4366,oxyR,B5F0V0,195,3398,IntAct,Salmonella_enterica_serovar_Agona_SL483,PPI
SeAg_B4066,dnaA,B5EYX2,SeAg_B2643,hda,B5F171,195,1743,IntAct,Salmonella_enterica_serovar_Agona_SL483,PPI
SeAg_B4066,dnaA,B5EYX2,SeAg_B4414,hupA,B5F1I3,195,2117,IntAct,Salmonella_enterica_serovar_Agona_SL483,PPI
SeAg_B4066,dnaA,B5EYX2,SeAg_B4503,dnaB,B5F1R4,195,1004,IntAct,Salmonella_enterica_serovar_Agona_SL483,PPI
SeAg_B4066,dnaA,B5EYX2,SeAg_B3453,diaA,B5F6R9,195,2087,IntAct,Salmonella_enterica_serovar_Agona_SL483,PPI
SeAg_B4066,dnaA,B5EYX2,SeAg_B1861,nadE,B5F7I4,195,1983,Lit_Ecoli_IntAct,Salmonella_enterica_serovar_Agona_SL483,PPI
SeAg_B4069,SeAg_B4069,B5EYX5,SeAg_B0446,secD,B5EWU1,3987,3293,IntAct,Salmonella_enterica_serovar_Agona_SL483,PPI
SeAg_B4069,SeAg_B4069,B5EYX5,SeAg_B2403,SeAg_B2403,B5EYV3,3987,881,IntAct,Salmonella_enterica_serovar_Agona_SL483,PPI
SeAg_B4069,SeAg_B4069,B5EYX5,SeAg_B4090,atpD,B5EYZ6,3987,2818,IntAct,Salmonella_enterica_serovar_Agona_SL483,PPI
SeAg_B4069,SeAg_B4069,B5EYX5,SeAg_B4092,atpA,B5EYZ8,3987,2601,IntAct,Salmonella_enterica_serovar_Agona_SL483,PPI
SeAg_B4069,SeAg_B4069,B5EYX5,SeAg_B4111,rbsB,B5EZ17,3987,1348,IntAct,Salmonella_enterica_serovar_Agona_SL483,PPI
SeAg_B4069,SeAg_B4069,B5EYX5,SeAg_B4143,rho,B5EZ42,3987,3677,IntAct,Salmonella_enterica_serovar_Agona_SL483,PPI
SeAg_B4069,SeAg_B4069,B5EYX5,SeAg_B0767,sdhA,B5EZF7,3987,3736,IntAct,Salmonella_enterica_serovar_Agona_SL483,PPI
SeAg_B4069,SeAg_B4069,B5EYX5,SeAg_B2465,nuoC,B5EZK7,3987,2936,IntAct,Salmonella_enterica_serovar_Agona_SL483,PPI
SeAg_B4069,SeAg_B4069,B5EYX5,SeAg_B4199,udp,B5EZU6,3987,2760,IntAct,Salmonella_enterica_serovar_Agona_SL483,PPI
SeAg_B4069,SeAg_B4069,B5EYX5,SeAg_B0899,SeAg_B0899,B5F0Y2,3987,1053,IntAct,Salmonella_enterica_serovar_Agona_SL483,PPI
SeAg_B4069,SeAg_B4069,B5EYX5,SeAg_B0987,rpsA,B5F164,3987,228,IntAct,Salmonella_enterica_serovar_Agona_SL483,PPI
SeAg_B4069,SeAg_B4069,B5EYX5,SeAg_B1028,ompA,B5F1V4,3987,859,IntAct,Salmonella_enterica_serovar_Agona_SL483,PPI
SeAg_B4069,SeAg_B4069,B5EYX5,SeAg_B4642,hflC,B5F390,3987,546,IntAct,Salmonella_enterica_serovar_Agona_SL483,PPI
SeAg_B4069,SeAg_B4069,B5EYX5,SeAg_B1302,manX,B5F3R2,3987,111,IntAct,Salmonella_enterica_serovar_Agona_SL483,PPI
SeAg_B4069,SeAg_B4069,B5EYX5,SeAg_B3482,secG,B5F6U3,3987,952,IntAct,Salmonella_enterica_serovar_Agona_SL483,PPI
SeAg_B4069,SeAg_B4069,B5EYX5,SeAg_B3485,hflB,B5F6U6,3987,1362,IntAct,Salmonella_enterica_serovar_Agona_SL483,PPI
SeAg_B4069,SeAg_B4069,B5EYX5,SeAg_B3501,SeAg_B3501,B5F6W2,3987,3,IntAct,Salmonella_enterica_serovar_Agona_SL483,PPI
SeAg_B4069,SeAg_B4069,B5EYX5,SeAg_B3610,rpoA,B5F7S1,3987,1508,IntAct,Salmonella_enterica_serovar_Agona_SL483,PPI
SeAg_B4069,SeAg_B4069,B5EYX5,SeAg_B3611,rpsD,B5F7S2,3987,832,IntAct,Salmonella_enterica_serovar_Agona_SL483,PPI
SeAg_B4069,SeAg_B4069,B5EYX5,SeAg_B3630,rpsC,B5F7T9,3987,3754,IntAct,Salmonella_enterica_serovar_Agona_SL483,PPI
SeAg_B4069,SeAg_B4069,B5EYX5,SeAg_B0148,ftsQ,B5F7W7,3987,398,IntAct,Salmonella_enterica_serovar_Agona_SL483,PPI
SeAg_B4069,SeAg_B4069,B5EYX5,SeAg_B1885,gapA,B5F861,3987,161,IntAct,Salmonella_enterica_serovar_Agona_SL483,PPI
SeAg_B4087,glmU,B5EYZ3,SeAg_B4142,trxA,B5EZ41,2983,3171,IntAct,Salmonella_enterica_serovar_Agona_SL483,PPI
SeAg_B4090,atpD,B5EYZ6,SeAg_B4089,atpC,B5EYZ5,2818,3343,Lit_Ecoli_IntAct_Interactome3d,Salmonella_enterica_serovar_Agona_SL483,PPI
SeAg_B4090,atpD,B5EYZ6,SeAg_B4142,trxA,B5EZ41,2818,3171,IntAct,Salmonella_enterica_serovar_Agona_SL483,PPI
SeAg_B4091,atpG,B5EYZ7,SeAg_B4089,atpC,B5EYZ5,3194,3343,Lit_Ecoli_IntAct_Interactome3d,Salmonella_enterica_serovar_Agona_SL483,PPI
SeAg_B4091,atpG,B5EYZ7,SeAg_B4090,atpD,B5EYZ6,3194,2818,IntAct_Interactome3d,Salmonella_enterica_serovar_Agona_SL483,PPI
SeAg_B4091,atpG,B5EYZ7,SeAg_B4092,atpA,B5EYZ8,3194,2601,IntAct_Interactome3d,Salmonella_enterica_serovar_Agona_SL483,PPI
SeAg_B4091,atpG,B5EYZ7,SeAg_B4871,SeAg_B4871,B5F509,3194,1758,Lit_Ecoli_IntAct,Salmonella_enterica_serovar_Agona_SL483,PPI
SeAg_B4091,atpG,B5EYZ7,SeAg_B3813,SeAg_B3813,B5F9H3,3194,3599,Lit_Ecoli_IntAct,Salmonella_enterica_serovar_Agona_SL483,PPI
SeAg_B4092,atpA,B5EYZ8,SeAg_B4089,atpC,B5EYZ5,2601,3343,Lit_Ecoli_IntAct_Interactome3d,Salmonella_enterica_serovar_Agona_SL483,PPI
SeAg_B4092,atpA,B5EYZ8,SeAg_B4090,atpD,B5EYZ6,2601,2818,Lit_Ecoli_IntAct_Interactome3d,Salmonella_enterica_serovar_Agona_SL483,PPI
SeAg_B4092,atpA,B5EYZ8,SeAg_B4142,trxA,B5EZ41,2601,3171,IntAct,Salmonella_enterica_serovar_Agona_SL483,PPI
SeAg_B4092,atpA,B5EYZ8,SeAg_B0697,SeAg_B0697,B5EZ95,2601,2857,Lit_Ecoli_IntAct,Salmonella_enterica_serovar_Agona_SL483,PPI
SeAg_B4092,atpA,B5EYZ8,SeAg_B4392,rplA,B5F0W4,2601,1697,IntAct,Salmonella_enterica_serovar_Agona_SL483,PPI
SeAg_B4092,atpA,B5EYZ8,SeAg_B2782,SeAg_B2782,B5F250,2601,1273,Lit_Ecoli_IntAct,Salmonella_enterica_serovar_Agona_SL483,PPI
SeAg_B4092,atpA,B5EYZ8,SeAg_B2849,SeAg_B2849,B5F2B2,2601,1273,Lit_Ecoli_IntAct,Salmonella_enterica_serovar_Agona_SL483,PPI
SeAg_B4092,atpA,B5EYZ8,SeAg_B4672,rplI,B5F3C0,2601,2583,IntAct,Salmonella_enterica_serovar_Agona_SL483,PPI
SeAg_B4092,atpA,B5EYZ8,SeAg_B1330,SeAg_B1330,B5F4E4,2601,3479,IntAct,Salmonella_enterica_serovar_Agona_SL483,PPI
SeAg_B4092,atpA,B5EYZ8,SeAg_B1355,SeAg_B1355,B5F4G8,2601,2750,Lit_Ecoli_IntAct,Salmonella_enterica_serovar_Agona_SL483,PPI
SeAg_B4092,atpA,B5EYZ8,SeAg_B1381,SeAg_B1381,B5F4J4,2601,2857,Lit_Ecoli_IntAct,Salmonella_enterica_serovar_Agona_SL483,PPI
SeAg_B4092,atpA,B5EYZ8,SeAg_B3423,SeAg_B3423,B5F6P2,2601,2419,Lit_Ecoli_IntAct,Salmonella_enterica_serovar_Agona_SL483,PPI
SeAg_B4092,atpA,B5EYZ8,SeAg_B0259,frr,B5F8T3,2601,424,Lit_Ecoli_IntAct,Salmonella_enterica_serovar_Agona_SL483,PPI
SeAg_B4093,atpH,B5EYZ9,SeAg_B4092,atpA,B5EYZ8,3635,2601,IntAct_Interactome3d,Salmonella_enterica_serovar_Agona_SL483,PPI
SeAg_B4093,atpH,B5EYZ9,SeAg_B2602,eutC,B5F0I6,3635,2957,Lit_Ecoli_IntAct,Salmonella_enterica_serovar_Agona_SL483,PPI
SeAg_B4093,atpH,B5EYZ9,SeAg_B1207,SeAg_B1207,B5F2X0,3635,1114,Lit_Ecoli_IntAct,Salmonella_enterica_serovar_Agona_SL483,PPI
SeAg_B4093,atpH,B5EYZ9,SeAg_B3176,SeAg_B3176,B5F4X1,3635,1254,Lit_Ecoli_IntAct,Salmonella_enterica_serovar_Agona_SL483,PPI
SeAg_B4093,atpH,B5EYZ9,SeAg_B1529,SeAg_B1529,B5F5E7,3635,1254,Lit_Ecoli_IntAct,Salmonella_enterica_serovar_Agona_SL483,PPI
SeAg_B4093,atpH,B5EYZ9,SeAg_B2017,SeAg_B2017,B5F936,3635,2389,Lit_Ecoli_IntAct,Salmonella_enterica_serovar_Agona_SL483,PPI
SeAg_B4094,atpF,B5EZ00,SeAg_B4092,atpA,B5EYZ8,2722,2601,IntAct,Salmonella_enterica_serovar_Agona_SL483,PPI
SeAg_B4095,atpE,B5EZ01,SeAg_B4092,atpA,B5EYZ8,666,2601,IntAct,Salmonella_enterica_serovar_Agona_SL483,PPI
SeAg_B4095,atpE,B5EZ01,SeAg_B4096,atpB,B5EZ02,666,877,IntAct_Interactome3d,Salmonella_enterica_serovar_Agona_SL483,PPI
SeAg_B4100,gidB,B5EZ06,SeAg_B2408,gyrA,B5EYV7,1385,3730,IntAct,Salmonella_enterica_serovar_Agona_SL483,PPI
SeAg_B4101,gidA,B5EZ07,SeAg_B4070,trmE,B5EYX6,2634,2909,Lit_Ecoli_IntAct,Salmonella_enterica_serovar_Agona_SL483,PPI
SeAg_B4106,SeAg_B4106,B5EZ12,SeAg_B2718,SeAg_B2718,B5F1D9,3012,429,IntAct,Salmonella_enterica_serovar_Agona_SL483,PPI
SeAg_B4111,rbsB,B5EZ17,SeAg_B4142,trxA,B5EZ41,1348,3171,IntAct,Salmonella_enterica_serovar_Agona_SL483,PPI
SeAg_B4111,rbsB,B5EZ17,SeAg_B0691,leuS,B5EZ89,1348,1322,Lit_Ecoli_IntAct,Salmonella_enterica_serovar_Agona_SL483,PPI
SeAg_B4111,rbsB,B5EZ17,SeAg_B0836,SeAg_B0836,B5F078,1348,3202,Lit_Ecoli_IntAct,Salmonella_enterica_serovar_Agona_SL483,PPI
SeAg_B4111,rbsB,B5EZ17,SeAg_B2571,ligA,B5F0F5,1348,2114,Lit_Ecoli_IntAct,Salmonella_enterica_serovar_Agona_SL483,PPI
SeAg_B4111,rbsB,B5EZ17,SeAg_B1432,topA,B5F4N5,1348,420,Lit_Ecoli_IntAct,Salmonella_enterica_serovar_Agona_SL483,PPI
SeAg_B4112,rbsK,B5EZ18,SeAg_B1357,prs,B5F4H0,248,465,IntAct,Salmonella_enterica_serovar_Agona_SL483,PPI
SeAg_B4123,hdfR,B5EZ22,SeAg_B0345,SeAg_B0345,B5EWJ4,3093,328,Lit_Ecoli_IntAct,Salmonella_enterica_serovar_Agona_SL483,PPI
SeAg_B4123,hdfR,B5EZ22,SeAg_B0518,acrR,B5EXL7,3093,64,Lit_Ecoli_IntAct,Salmonella_enterica_serovar_Agona_SL483,PPI
SeAg_B4123,hdfR,B5EZ22,SeAg_B3580,SeAg_B3580,B5F7P9,3093,64,Lit_Ecoli_IntAct,Salmonella_enterica_serovar_Agona_SL483,PPI
SeAg_B4124,SeAg_B4124,B5EZ23,SeAg_B0518,acrR,B5EXL7,186,64,Lit_Ecoli_IntAct,Salmonella_enterica_serovar_Agona_SL483,PPI
SeAg_B4124,SeAg_B4124,B5EZ23,SeAg_B4190,pldB,B5EZT8,186,3534,Lit_Ecoli_IntAct,Salmonella_enterica_serovar_Agona_SL483,PPI
SeAg_B4124,SeAg_B4124,B5EZ23,SeAg_B3092,SeAg_B3092,B5F4P6,186,112,Lit_Ecoli_IntAct,Salmonella_enterica_serovar_Agona_SL483,PPI
SeAg_B4124,SeAg_B4124,B5EZ23,SeAg_B3185,SeAg_B3185,B5F4X8,186,4451,Lit_Ecoli_IntAct,Salmonella_enterica_serovar_Agona_SL483,PPI
SeAg_B4124,SeAg_B4124,B5EZ23,SeAg_B3580,SeAg_B3580,B5F7P9,186,64,Lit_Ecoli_IntAct,Salmonella_enterica_serovar_Agona_SL483,PPI
SeAg_B4124,SeAg_B4124,B5EZ23,SeAg_B0236,SeAg_B0236,B5F8R2,186,112,Lit_Ecoli_IntAct,Salmonella_enterica_serovar_Agona_SL483,PPI
SeAg_B4124,SeAg_B4124,B5EZ23,SeAg_B0308,dnaQ,B5F8X3,186,3713,Lit_Ecoli_IntAct,Salmonella_enterica_serovar_Agona_SL483,PPI
SeAg_B4127,ilvM,B5EZ26,SeAg_B4022,ilvB,B5EY70,1471,2187,Lit_Ecoli_IntAct,Salmonella_enterica_serovar_Agona_SL483,PPI
SeAg_B4133,SeAg_B4133,B5EZ32,SeAg_B0662,citE,B5EYL2,820,220,Lit_Ecoli_IntAct,Salmonella_enterica_serovar_Agona_SL483,PPI
SeAg_B4133,SeAg_B4133,B5EZ32,SeAg_B4167,cyaA,B5EZ61,820,331,Lit_Ecoli_IntAct,Salmonella_enterica_serovar_Agona_SL483,PPI
SeAg_B4133,SeAg_B4133,B5EZ32,SeAg_B0213,SeAg_B0213,B5F830,820,878,Lit_Ecoli_IntAct,Salmonella_enterica_serovar_Agona_SL483,PPI
SeAg_B4139,rep,B5EZ38,SeAg_B4180,uvrD,B5EZS8,2749,1959,Lit_Ecoli_IntAct_Interactome3d,Salmonella_enterica_serovar_Agona_SL483,PPI
SeAg_B4139,rep,B5EZ38,SeAg_B4503,dnaB,B5F1R4,2749,1004,IntAct,Salmonella_enterica_serovar_Agona_SL483,PPI
SeAg_B4139,rep,B5EZ38,SeAg_B1285,proQ,B5F3P7,2749,2695,Lit_Ecoli_IntAct,Salmonella_enterica_serovar_Agona_SL483,PPI
SeAg_B4141,rhlB,B5EZ40,SeAg_B0218,pcnB,B5F835,2546,2476,IntAct,Salmonella_enterica_serovar_Agona_SL483,PPI
SeAg_B4142,trxA,B5EZ41,SeAg_B3864,SeAg_B3864,B5EX62,3171,2070,IntAct,Salmonella_enterica_serovar_Agona_SL483,PPI
SeAg_B4142,trxA,B5EZ41,SeAg_B3908,SeAg_B3908,B5EXA5,3171,2864,IntAct,Salmonella_enterica_serovar_Agona_SL483,PPI
SeAg_B4142,trxA,B5EZ41,SeAg_B0532,htpG,B5EXM9,3171,3276,IntAct,Salmonella_enterica_serovar_Agona_SL483,PPI
SeAg_B4142,trxA,B5EZ41,SeAg_B0767,sdhA,B5EZF7,3171,3736,IntAct,Salmonella_enterica_serovar_Agona_SL483,PPI
SeAg_B4142,trxA,B5EZ41,SeAg_B4199,udp,B5EZU6,3171,2760,IntAct,Salmonella_enterica_serovar_Agona_SL483,PPI
SeAg_B4142,trxA,B5EZ41,SeAg_B4201,ubiE,B5EZU8,3171,1659,IntAct,Salmonella_enterica_serovar_Agona_SL483,PPI
SeAg_B4142,trxA,B5EZ41,SeAg_B4213,fadB,B5EZW0,3171,1160,IntAct,Salmonella_enterica_serovar_Agona_SL483,PPI
SeAg_B4142,trxA,B5EZ41,SeAg_B4354,katG,B5F0T9,3171,1336,IntAct,Salmonella_enterica_serovar_Agona_SL483,PPI
SeAg_B4142,trxA,B5EZ41,SeAg_B4367,sthA,B5F0V1,3171,2533,IntAct,Salmonella_enterica_serovar_Agona_SL483,PPI
SeAg_B4142,trxA,B5EZ41,SeAg_B4390,nusG,B5F0W2,3171,913,IntAct,Salmonella_enterica_serovar_Agona_SL483,PPI
SeAg_B4142,trxA,B5EZ41,SeAg_B2738,SeAg_B2738,B5F1F6,3171,1937,Lit_Ecoli_IntAct,Salmonella_enterica_serovar_Agona_SL483,PPI
SeAg_B4142,trxA,B5EZ41,SeAg_B4486,malE,B5F1P8,3171,189,IntAct,Salmonella_enterica_serovar_Agona_SL483,PPI
SeAg_B4142,trxA,B5EZ41,SeAg_B4488,lamB,B5F1Q0,3171,3308,IntAct,Salmonella_enterica_serovar_Agona_SL483,PPI
SeAg_B4142,trxA,B5EZ41,SeAg_B1028,ompA,B5F1V4,3171,859,IntAct,Salmonella_enterica_serovar_Agona_SL483,PPI
SeAg_B4142,trxA,B5EZ41,SeAg_B1083,putA,B5F207,3171,3469,IntAct,Salmonella_enterica_serovar_Agona_SL483,PPI
SeAg_B4142,trxA,B5EZ41,SeAg_B4607,groES,B5F2K9,3171,1967,IntAct,Salmonella_enterica_serovar_Agona_SL483,PPI
SeAg_B4142,trxA,B5EZ41,SeAg_B2939,SeAg_B2939,B5F348,3171,3787,IntAct,Salmonella_enterica_serovar_Agona_SL483,PPI
SeAg_B4142,trxA,B5EZ41,SeAg_B2948,recA,B5F352,3171,3140,IntAct,Salmonella_enterica_serovar_Agona_SL483,PPI
SeAg_B4142,trxA,B5EZ41,SeAg_B2969,hycF,B5F373,3171,1226,Lit_Ecoli_IntAct,Salmonella_enterica_serovar_Agona_SL483,PPI
SeAg_B4142,trxA,B5EZ41,SeAg_B3076,cysH,B5F429,3171,240,Interactome3d,Salmonella_enterica_serovar_Agona_SL483,PPI
SeAg_B4142,trxA,B5EZ41,SeAg_B4734,nrdD,B5F437,3171,3575,IntAct,Salmonella_enterica_serovar_Agona_SL483,PPI
SeAg_B4142,trxA,B5EZ41,SeAg_B3085,eno,B5F4N9,3171,1620,IntAct,Salmonella_enterica_serovar_Agona_SL483,PPI
SeAg_B4142,trxA,B5EZ41,SeAg_B1450,fabI,B5F572,3171,3239,IntAct,Salmonella_enterica_serovar_Agona_SL483,PPI
SeAg_B4142,trxA,B5EZ41,SeAg_B1468,tpx,B5F590,3171,1283,IntAct,Salmonella_enterica_serovar_Agona_SL483,PPI
SeAg_B4142,trxA,B5EZ41,SeAg_B3230,fbaA,B5F5J3,3171,2292,IntAct,Salmonella_enterica_serovar_Agona_SL483,PPI
SeAg_B4142,trxA,B5EZ41,SeAg_B3323,hybO,B5F637,3171,2290,Lit_Ecoli_IntAct,Salmonella_enterica_serovar_Agona_SL483,PPI
SeAg_B4142,trxA,B5EZ41,SeAg_B0007,tal2,B5F6Y2,3171,3087,IntAct,Salmonella_enterica_serovar_Agona_SL483,PPI
SeAg_B4142,trxA,B5EZ41,SeAg_B0084,fixA,B5F756,3171,250,Lit_Ecoli_IntAct,Salmonella_enterica_serovar_Agona_SL483,PPI
SeAg_B4142,trxA,B5EZ41,SeAg_B3565,mreB,B5F7N4,3171,624,IntAct,Salmonella_enterica_serovar_Agona_SL483,PPI
SeAg_B4142,trxA,B5EZ41,SeAg_B3643,fusA,B5F8F8,3171,1995,IntAct,Salmonella_enterica_serovar_Agona_SL483,PPI
SeAg_B4142,trxA,B5EZ41,SeAg_B3652,slyD,B5F8G7,3171,3489,IntAct,Salmonella_enterica_serovar_Agona_SL483,PPI
SeAg_B4142,trxA,B5EZ41,SeAg_B0257,tsf,B5F8T1,3171,3530,IntAct,Salmonella_enterica_serovar_Agona_SL483,PPI
SeAg_B4142,trxA,B5EZ41,SeAg_B1991,fabG,B5F912,3171,41,IntAct,Salmonella_enterica_serovar_Agona_SL483,PPI
SeAg_B4143,rho,B5EZ42,SeAg_B4302,SeAg_B4302,B5F0P0,3677,272,Lit_Ecoli_IntAct,Salmonella_enterica_serovar_Agona_SL483,PPI
SeAg_B4143,rho,B5EZ42,SeAg_B4390,nusG,B5F0W2,3677,913,Lit_Ecoli_IntAct,Salmonella_enterica_serovar_Agona_SL483,PPI
SeAg_B4143,rho,B5EZ42,SeAg_B4639,hfq,B5F387,3677,1130,IntAct,Salmonella_enterica_serovar_Agona_SL483,PPI
SeAg_B4143,rho,B5EZ42,SeAg_B3312,SeAg_B3312,B5F626,3677,1719,Lit_Ecoli_IntAct,Salmonella_enterica_serovar_Agona_SL483,PPI
SeAg_B4153,wecF,B5EZ52,SeAg_B2925,nrdF,B5F335,453,4212,Lit_Ecoli_IntAct,Salmonella_enterica_serovar_Agona_SL483,PPI
SeAg_B4153,wecF,B5EZ52,SeAg_B3663,crp,B5F8H8,453,2484,Lit_Ecoli_IntAct,Salmonella_enterica_serovar_Agona_SL483,PPI
SeAg_B4155,SeAg_B4155,B5EZ54,SeAg_B1302,manX,B5F3R2,1090,111,Lit_Ecoli_IntAct,Salmonella_enterica_serovar_Agona_SL483,PPI
SeAg_B4167,cyaA,B5EZ61,SeAg_B0345,SeAg_B0345,B5EWJ4,331,328,Lit_Ecoli_IntAct,Salmonella_enterica_serovar_Agona_SL483,PPI
SeAg_B4167,cyaA,B5EZ61,SeAg_B1423,trpE,B5F4M7,331,1668,Lit_Ecoli_IntAct,Salmonella_enterica_serovar_Agona_SL483,PPI
SeAg_B4167,cyaA,B5EZ61,SeAg_B3577,SeAg_B3577,B5F7P6,331,2370,Lit_Ecoli_IntAct,Salmonella_enterica_serovar_Agona_SL483,PPI
SeAg_B4170,cyaY,B5EZ64,SeAg_B1317,minE,B5F3S6,3161,1324,Lit_Ecoli_IntAct,Salmonella_enterica_serovar_Agona_SL483,PPI
SeAg_B4170,cyaY,B5EZ64,SeAg_B3092,SeAg_B3092,B5F4P6,3161,112,Lit_Ecoli_IntAct,Salmonella_enterica_serovar_Agona_SL483,PPI
SeAg_B4170,cyaY,B5EZ64,SeAg_B0236,SeAg_B0236,B5F8R2,3161,112,Lit_Ecoli_IntAct,Salmonella_enterica_serovar_Agona_SL483,PPI
SeAg_B4174,SeAg_B4174,B5EZ66,SeAg_B3630,rpsC,B5F7T9,2146,3754,Lit_Ecoli_IntAct,Salmonella_enterica_serovar_Agona_SL483,PPI
SeAg_B0670,cspE,B5EZ68,SeAg_B0945,cspD,B5F126,2110,1464,IntAct_Interactome3d,Salmonella_enterica_serovar_Agona_SL483,PPI
SeAg_B0670,cspE,B5EZ68,SeAg_B1294,cspC,B5F3Q5,2110,2817,IntAct_Interactome3d,Salmonella_enterica_serovar_Agona_SL483,PPI
SeAg_B0678,SeAg_B0678,B5EZ76,SeAg_B4142,trxA,B5EZ41,388,3171,IntAct,Salmonella_enterica_serovar_Agona_SL483,PPI
SeAg_B0689,holA,B5EZ87,SeAg_B0834,uvrB,B5F076,298,1831,Lit_Ecoli_IntAct,Salmonella_enterica_serovar_Agona_SL483,PPI
SeAg_B0689,holA,B5EZ87,SeAg_B0911,nfsA,B5F0Z3,298,1411,Lit_Ecoli_IntAct,Salmonella_enterica_serovar_Agona_SL483,PPI
SeAg_B0689,holA,B5EZ87,SeAg_B4762,holC,B5F464,298,156,IntAct,Salmonella_enterica_serovar_Agona_SL483,PPI
SeAg_B0689,holA,B5EZ87,SeAg_B4878,holD,B5F513,298,2169,IntAct,Salmonella_enterica_serovar_Agona_SL483,PPI
SeAg_B0690,SeAg_B0690,B5EZ88,SeAg_B0102,imp,B5F774,2348,1024,IntAct_Interactome3d,Salmonella_enterica_serovar_Agona_SL483,PPI
SeAg_B0713,SeAg_B0713,B5EZB0,SeAg_B3612,rpsK,B5F7S3,2440,1517,IntAct,Salmonella_enterica_serovar_Agona_SL483,PPI
SeAg_B0716,ubiF,B5EZB3,SeAg_B2202,hisF,B5EX44,3010,1098,Lit_Ecoli_IntAct,Salmonella_enterica_serovar_Agona_SL483,PPI
SeAg_B0716,ubiF,B5EZB3,SeAg_B2521,SeAg_B2521,B5EZR3,3010,657,Lit_Ecoli_IntAct,Salmonella_enterica_serovar_Agona_SL483,PPI
SeAg_B0716,ubiF,B5EZB3,SeAg_B3602,def,B5F7R3,3010,1601,Lit_Ecoli_IntAct,Salmonella_enterica_serovar_Agona_SL483,PPI
SeAg_B0740,fur,B5EZD0,SeAg_B0472,SeAg_B0472,B5EXH3,552,1011,Biogrid,Salmonella_enterica_serovar_Agona_SL483,PPI
SeAg_B0740,fur,B5EZD0,SeAg_B4142,trxA,B5EZ41,552,3171,IntAct,Salmonella_enterica_serovar_Agona_SL483,PPI
SeAg_B0742,SeAg_B0742,B5EZD2,SeAg_B4190,pldB,B5EZT8,1586,3534,Lit_Ecoli_IntAct,Salmonella_enterica_serovar_Agona_SL483,PPI
SeAg_B0742,SeAg_B0742,B5EZD2,SeAg_B1285,proQ,B5F3P7,1586,2695,Lit_Ecoli_IntAct,Salmonella_enterica_serovar_Agona_SL483,PPI
SeAg_B0744,seqA,B5EZD4,SeAg_B0834,uvrB,B5F076,2373,1831,Lit_Ecoli_IntAct,Salmonella_enterica_serovar_Agona_SL483,PPI
SeAg_B0750,SeAg_B0750,B5EZE0,SeAg_B0751,SeAg_B0751,B5EZE1,332,663,Lit_Ecoli_IntAct,Salmonella_enterica_serovar_Agona_SL483,PPI
SeAg_B0750,SeAg_B0750,B5EZE0,SeAg_B1699,SeAg_B1699,B5F6H2,332,3650,IntAct_Interactome3d,Salmonella_enterica_serovar_Agona_SL483,PPI
SeAg_B0751,SeAg_B0751,B5EZE1,SeAg_B3512,ptsN,B5F6X3,663,2691,Lit_Ecoli_IntAct,Salmonella_enterica_serovar_Agona_SL483,PPI
SeAg_B0752,kdpC,B5EZE2,SeAg_B0753,kdpB,B5EZE3,930,611,IntAct,Salmonella_enterica_serovar_Agona_SL483,PPI
SeAg_B0758,SeAg_B0758,B5EZE8,SeAg_B3339,SeAg_B3339,B5F652,1361,1591,IntAct,Salmonella_enterica_serovar_Agona_SL483,PPI
SeAg_B0766,sdhD,B5EZF6,SeAg_B0765,sdhC,B5EZF5,784,800,IntAct_Interactome3d,Salmonella_enterica_serovar_Agona_SL483,PPI
SeAg_B0766,sdhD,B5EZF6,SeAg_B0768,sdhB,B5EZF8,784,1219,Interactome3d,Salmonella_enterica_serovar_Agona_SL483,PPI
SeAg_B0767,sdhA,B5EZF7,SeAg_B0765,sdhC,B5EZF5,3736,800,IntAct,Salmonella_enterica_serovar_Agona_SL483,PPI
SeAg_B0768,sdhB,B5EZF8,SeAg_B0469,SeAg_B0469,B5EXH0,1219,253,Lit_Ecoli_IntAct,Salmonella_enterica_serovar_Agona_SL483,PPI
SeAg_B0768,sdhB,B5EZF8,SeAg_B0472,SeAg_B0472,B5EXH3,1219,1011,Biogrid,Salmonella_enterica_serovar_Agona_SL483,PPI
SeAg_B0768,sdhB,B5EZF8,SeAg_B0765,sdhC,B5EZF5,1219,800,IntAct_Interactome3d,Salmonella_enterica_serovar_Agona_SL483,PPI
SeAg_B0768,sdhB,B5EZF8,SeAg_B0767,sdhA,B5EZF7,1219,3736,Lit_Ecoli_IntAct_Interactome3d,Salmonella_enterica_serovar_Agona_SL483,PPI
SeAg_B0768,sdhB,B5EZF8,SeAg_B3151,nudH,B5F4U8,1219,867,IntAct,Salmonella_enterica_serovar_Agona_SL483,PPI
SeAg_B0769,sucA,B5EZF9,SeAg_B0770,sucB,B5EZG0,1016,2189,Lit_Ecoli_IntAct,Salmonella_enterica_serovar_Agona_SL483,PPI
SeAg_B0771,sucC,B5EZG1,SeAg_B4142,trxA,B5EZ41,1368,3171,IntAct,Salmonella_enterica_serovar_Agona_SL483,PPI
SeAg_B0771,sucC,B5EZG1,SeAg_B0772,SeAg_B0772,B5EZG2,1368,1582,IntAct_Interactome3d,Salmonella_enterica_serovar_Agona_SL483,PPI
SeAg_B0772,SeAg_B0772,B5EZG2,SeAg_B4142,trxA,B5EZ41,1582,3171,IntAct,Salmonella_enterica_serovar_Agona_SL483,PPI
SeAg_B2449,rnz,B5EZJ2,SeAg_B2721,SeAg_B2721,B5F1E2,2711,2537,Lit_Ecoli_IntAct,Salmonella_enterica_serovar_Agona_SL483,PPI
SeAg_B2462,nuoG,B5EZK4,SeAg_B2465,nuoC,B5EZK7,3846,2936,Lit_Ecoli_IntAct_Interactome3d,Salmonella_enterica_serovar_Agona_SL483,PPI
SeAg_B2462,nuoG,B5EZK4,SeAg_B4640,hflX,B5F388,3846,3374,Lit_Ecoli_IntAct,Salmonella_enterica_serovar_Agona_SL483,PPI
SeAg_B2463,nuoF,B5EZK5,SeAg_B2462,nuoG,B5EZK4,3490,3846,IntAct_Interactome3d,Salmonella_enterica_serovar_Agona_SL483,PPI
SeAg_B2464,nuoE,B5EZK6,SeAg_B0689,holA,B5EZ87,2034,298,Lit_Ecoli_IntAct,Salmonella_enterica_serovar_Agona_SL483,PPI
SeAg_B2464,nuoE,B5EZK6,SeAg_B2462,nuoG,B5EZK4,2034,3846,Lit_Ecoli_IntAct,Salmonella_enterica_serovar_Agona_SL483,PPI
SeAg_B2465,nuoC,B5EZK7,SeAg_B2466,SeAg_B2466,B5EZK8,2936,1329,IntAct_Interactome3d,Salmonella_enterica_serovar_Agona_SL483,PPI
SeAg_B2479,SeAg_B2479,B5EZM1,SeAg_B4087,glmU,B5EYZ3,2528,2983,IntAct,Salmonella_enterica_serovar_Agona_SL483,PPI
SeAg_B2479,SeAg_B2479,B5EZM1,SeAg_B2474,SeAg_B2474,B5EZL6,2528,281,Lit_Ecoli_IntAct,Salmonella_enterica_serovar_Agona_SL483,PPI
SeAg_B2487,SeAg_B2487,B5EZM9,SeAg_B0215,panC,B5F832,3267,1611,Lit_Ecoli_IntAct,Salmonella_enterica_serovar_Agona_SL483,PPI
SeAg_B2508,accD,B5EZQ0,SeAg_B1027,SeAg_B1027,B5F1V3,2027,2375,Lit_Ecoli_IntAct,Salmonella_enterica_serovar_Agona_SL483,PPI
SeAg_B2508,accD,B5EZQ0,SeAg_B2775,SeAg_B2775,B5F243,2027,2793,Lit_Ecoli_IntAct,Salmonella_enterica_serovar_Agona_SL483,PPI
SeAg_B2508,accD,B5EZQ0,SeAg_B1194,SeAg_B1194,B5F2V7,2027,2493,Lit_Ecoli_IntAct,Salmonella_enterica_serovar_Agona_SL483,PPI
SeAg_B2508,accD,B5EZQ0,SeAg_B1319,minC,B5F3S8,2027,970,Lit_Ecoli_IntAct,Salmonella_enterica_serovar_Agona_SL483,PPI
SeAg_B2508,accD,B5EZQ0,SeAg_B4871,SeAg_B4871,B5F509,2027,1758,Lit_Ecoli_IntAct,Salmonella_enterica_serovar_Agona_SL483,PPI
SeAg_B2508,accD,B5EZQ0,SeAg_B3571,accC,B5F7P0,2027,1824,Lit_Ecoli_IntAct,Salmonella_enterica_serovar_Agona_SL483,PPI
SeAg_B2508,accD,B5EZQ0,SeAg_B3577,SeAg_B3577,B5F7P6,2027,2370,Lit_Ecoli_IntAct,Salmonella_enterica_serovar_Agona_SL483,PPI
SeAg_B2508,accD,B5EZQ0,SeAg_B0273,accA,B5F8U6,2027,501,Lit_Ecoli_IntAct_Interactome3d,Salmonella_enterica_serovar_Agona_SL483,PPI
SeAg_B2510,truA,B5EZQ2,SeAg_B1285,proQ,B5F3P7,3318,2695,Lit_Ecoli_IntAct,Salmonella_enterica_serovar_Agona_SL483,PPI
SeAg_B2511,SeAg_B2511,B5EZQ3,SeAg_B0551,SeAg_B0551,B5EXP7,267,2637,IntAct,Salmonella_enterica_serovar_Agona_SL483,PPI
SeAg_B2511,SeAg_B2511,B5EZQ3,SeAg_B1236,pykA,B5F3K3,267,3071,Lit_Ecoli_IntAct,Salmonella_enterica_serovar_Agona_SL483,PPI
SeAg_B2511,SeAg_B2511,B5EZQ3,SeAg_B3231,pgk,B5F5J4,267,3370,IntAct,Salmonella_enterica_serovar_Agona_SL483,PPI
SeAg_B2511,SeAg_B2511,B5EZQ3,SeAg_B3520,SeAg_B3520,B5F6Y0,267,2339,Lit_Ecoli_IntAct,Salmonella_enterica_serovar_Agona_SL483,PPI
SeAg_B2513,flk,B5EZQ5,SeAg_B0138,ftsL,B5F7V7,998,229,IntAct,Salmonella_enterica_serovar_Agona_SL483,PPI
SeAg_B2518,SeAg_B2518,B5EZR0,SeAg_B1990,acpP,B5F911,2227,883,IntAct,Salmonella_enterica_serovar_Agona_SL483,PPI
SeAg_B2526,SeAg_B2526,B5EZR7,SeAg_B3869,glyQ,B5EX66,1268,2057,Lit_Ecoli_IntAct,Salmonella_enterica_serovar_Agona_SL483,PPI
SeAg_B2526,SeAg_B2526,B5EZR7,SeAg_B4358,SeAg_B4358,B5F0U3,1268,2208,Lit_Ecoli_IntAct,Salmonella_enterica_serovar_Agona_SL483,PPI
SeAg_B2526,SeAg_B2526,B5EZR7,SeAg_B1194,SeAg_B1194,B5F2V7,1268,2493,Lit_Ecoli_IntAct,Salmonella_enterica_serovar_Agona_SL483,PPI
SeAg_B2526,SeAg_B2526,B5EZR7,SeAg_B1319,minC,B5F3S8,1268,970,Lit_Ecoli_IntAct,Salmonella_enterica_serovar_Agona_SL483,PPI
SeAg_B2527,sixA,B5EZR8,SeAg_B2361,SeAg_B2361,B5EYR4,102,3710,Lit_Ecoli_IntAct,Salmonella_enterica_serovar_Agona_SL483,PPI
SeAg_B4176,SeAg_B4176,B5EZS4,SeAg_B4373,murI,B5F0V5,472,3663,Lit_Ecoli_IntAct,Salmonella_enterica_serovar_Agona_SL483,PPI
SeAg_B4177,xerC,B5EZS5,SeAg_B0911,nfsA,B5F0Z3,3220,1411,Lit_Ecoli_IntAct,Salmonella_enterica_serovar_Agona_SL483,PPI
SeAg_B4180,uvrD,B5EZS8,SeAg_B4637,mutL,B5F385,1959,1579,IntAct,Salmonella_enterica_serovar_Agona_SL483,PPI
SeAg_B4190,pldB,B5EZT8,SeAg_B0741,fldA,B5EZD1,3534,564,Lit_Ecoli_IntAct,Salmonella_enterica_serovar_Agona_SL483,PPI
SeAg_B4190,pldB,B5EZT8,SeAg_B0969,SeAg_B0969,B5F147,3534,3216,Lit_Ecoli_IntAct,Salmonella_enterica_serovar_Agona_SL483,PPI
SeAg_B4190,pldB,B5EZT8,SeAg_B0986,cmk,B5F163,3534,2755,Lit_Ecoli_IntAct,Salmonella_enterica_serovar_Agona_SL483,PPI
SeAg_B4190,pldB,B5EZT8,SeAg_B4719,yjgA,B5F3G6,3534,819,Lit_Ecoli_IntAct,Salmonella_enterica_serovar_Agona_SL483,PPI
SeAg_B4190,pldB,B5EZT8,SeAg_B1224,SeAg_B1224,B5F3J1,3534,3350,Lit_Ecoli_IntAct,Salmonella_enterica_serovar_Agona_SL483,PPI
SeAg_B4190,pldB,B5EZT8,SeAg_B0096,folA,B5F768,3534,1801,Lit_Ecoli_IntAct,Salmonella_enterica_serovar_Agona_SL483,PPI
SeAg_B4193,metR,B5EZT9,SeAg_B0716,ubiF,B5EZB3,3412,3010,IntAct,Salmonella_enterica_serovar_Agona_SL483,PPI
SeAg_B4194,metE,B5EZU1,SeAg_B4180,uvrD,B5EZS8,2156,1959,Lit_Ecoli_IntAct,Salmonella_enterica_serovar_Agona_SL483,PPI
SeAg_B4205,SeAg_B4205,B5EZV2,SeAg_B4204,tatA,B5EZV1,993,531,IntAct,Salmonella_enterica_serovar_Agona_SL483,PPI
SeAg_B4205,SeAg_B4205,B5EZV2,SeAg_B4206,tatC,B5EZV3,993,3136,IntAct,Salmonella_enterica_serovar_Agona_SL483,PPI
SeAg_B4205,SeAg_B4205,B5EZV2,SeAg_B1677,SeAg_B1677,B5F6F0,993,1911,IntAct,Salmonella_enterica_serovar_Agona_SL483,PPI
SeAg_B4206,tatC,B5EZV3,SeAg_B4204,tatA,B5EZV1,3136,531,IntAct,Salmonella_enterica_serovar_Agona_SL483,PPI
SeAg_B4206,tatC,B5EZV3,SeAg_B1677,SeAg_B1677,B5F6F0,3136,1911,IntAct,Salmonella_enterica_serovar_Agona_SL483,PPI
SeAg_B4209,ubiD,B5EZV6,SeAg_B3791,SeAg_B3791,B5F9F1,985,3114,Lit_Ecoli_IntAct,Salmonella_enterica_serovar_Agona_SL483,PPI
SeAg_B4224,mobB,B5EZW5,SeAg_B4225,mobA,B5EZW6,2020,744,IntAct,Salmonella_enterica_serovar_Agona_SL483,PPI
SeAg_B4224,mobB,B5EZW5,SeAg_B0887,moeA,B5F0X0,2020,306,IntAct,Salmonella_enterica_serovar_Agona_SL483,PPI
SeAg_B4224,mobB,B5EZW5,SeAg_B0008,mogA,B5F6Y3,2020,4145,IntAct,Salmonella_enterica_serovar_Agona_SL483,PPI
SeAg_B4225,mobA,B5EZW6,SeAg_B0887,moeA,B5F0X0,744,306,IntAct,Salmonella_enterica_serovar_Agona_SL483,PPI
SeAg_B4228,SeAg_B4228,B5EZW9,SeAg_B1326,SeAg_B1326,B5F4E0,330,414,IntAct_Interactome3d,Salmonella_enterica_serovar_Agona_SL483,PPI
SeAg_B4236,hemN,B5EZX5,SeAg_B0411,SeAg_B0411,B5EWQ6,676,77,Lit_Ecoli_IntAct,Salmonella_enterica_serovar_Agona_SL483,PPI
SeAg_B4237,glnG,B5EZX6,SeAg_B4238,glnL,B5EZX7,474,2959,Lit_Ecoli_IntAct,Salmonella_enterica_serovar_Agona_SL483,PPI
SeAg_B4238,glnL,B5EZX7,SeAg_B0503,SeAg_B0503,B5EXK3,2959,3436,Lit_Ecoli_IntAct,Salmonella_enterica_serovar_Agona_SL483,PPI
SeAg_B4238,glnL,B5EZX7,SeAg_B2720,SeAg_B2720,B5F1E1,2959,2233,Lit_Ecoli_IntAct,Salmonella_enterica_serovar_Agona_SL483,PPI
SeAg_B4238,glnL,B5EZX7,SeAg_B2782,SeAg_B2782,B5F250,2959,1273,Lit_Ecoli_IntAct,Salmonella_enterica_serovar_Agona_SL483,PPI
SeAg_B4238,glnL,B5EZX7,SeAg_B2849,SeAg_B2849,B5F2B2,2959,1273,Lit_Ecoli_IntAct,Salmonella_enterica_serovar_Agona_SL483,PPI
SeAg_B4238,glnL,B5EZX7,SeAg_B4604,aspA,B5F2K6,2959,1705,IntAct,Salmonella_enterica_serovar_Agona_SL483,PPI
SeAg_B4238,glnL,B5EZX7,SeAg_B4755,SeAg_B4755,B5F457,2959,2816,Lit_Ecoli_IntAct,Salmonella_enterica_serovar_Agona_SL483,PPI
SeAg_B4238,glnL,B5EZX7,SeAg_B0253,glnD,B5F8S8,2959,3020,Lit_Ecoli_IntAct,Salmonella_enterica_serovar_Agona_SL483,PPI
SeAg_B4264,SeAg_B4264,B5F003,SeAg_B4263,SeAg_B4263,B5F002,750,3944,Lit_Ecoli_IntAct,Salmonella_enterica_serovar_Agona_SL483,PPI
SeAg_B4264,SeAg_B4264,B5F003,SeAg_B1264,SeAg_B1264,B5F3M6,750,3944,Lit_Ecoli_IntAct,Salmonella_enterica_serovar_Agona_SL483,PPI
SeAg_B0776,cydA,B5F023,SeAg_B0777,cydB1,B5F024,288,1849,IntAct,Salmonella_enterica_serovar_Agona_SL483,PPI
SeAg_B0776,cydA,B5F023,SeAg_B0778,SeAg_B0778,B5F025,288,3674,IntAct,Salmonella_enterica_serovar_Agona_SL483,PPI
SeAg_B0776,cydA,B5F023,SeAg_B3538,SeAg_B3538,B5F7K7,288,2099,IntAct,Salmonella_enterica_serovar_Agona_SL483,PPI
SeAg_B0777,cydB1,B5F024,SeAg_B0778,SeAg_B0778,B5F025,1849,3674,IntAct,Salmonella_enterica_serovar_Agona_SL483,PPI
SeAg_B0780,SeAg_B0780,B5F027,SeAg_B4492,SeAg_B4492,B5F1Q4,2632,1267,IntAct,Salmonella_enterica_serovar_Agona_SL483,PPI
SeAg_B0780,SeAg_B0780,B5F027,SeAg_B0153,secA,B5F7X1,2632,2356,Lit_Ecoli_IntAct,Salmonella_enterica_serovar_Agona_SL483,PPI
SeAg_B0780,SeAg_B0780,B5F027,SeAg_B1990,acpP,B5F911,2632,883,IntAct,Salmonella_enterica_serovar_Agona_SL483,PPI
SeAg_B0784,tolB,B5F031,SeAg_B0518,acrR,B5EXL7,2481,64,Lit_Ecoli_IntAct,Salmonella_enterica_serovar_Agona_SL483,PPI
SeAg_B0784,tolB,B5F031,SeAg_B0680,SeAg_B0680,B5EZ78,2481,1196,Lit_Ecoli_IntAct,Salmonella_enterica_serovar_Agona_SL483,PPI
SeAg_B0784,tolB,B5F031,SeAg_B0783,tolA,B5F030,2481,4385,IntAct,Salmonella_enterica_serovar_Agona_SL483,PPI
SeAg_B0784,tolB,B5F031,SeAg_B0785,pal,B5F032,2481,3222,IntAct_Interactome3d,Salmonella_enterica_serovar_Agona_SL483,PPI
SeAg_B0784,tolB,B5F031,SeAg_B3162,SeAg_B3162,B5F4V7,2481,2283,Lit_Ecoli_IntAct,Salmonella_enterica_serovar_Agona_SL483,PPI
SeAg_B0784,tolB,B5F031,SeAg_B3367,tolC,B5F679,2481,559,Lit_Ecoli_IntAct,Salmonella_enterica_serovar_Agona_SL483,PPI
SeAg_B0784,tolB,B5F031,SeAg_B3580,SeAg_B3580,B5F7P9,2481,64,Lit_Ecoli_IntAct,Salmonella_enterica_serovar_Agona_SL483,PPI
SeAg_B0784,tolB,B5F031,SeAg_B1978,SeAg_B1978,B5F8Z9,2481,67,Lit_Ecoli_IntAct,Salmonella_enterica_serovar_Agona_SL483,PPI
SeAg_B0785,pal,B5F032,SeAg_B0966,lolA,B5F144,3222,4095,IntAct,Salmonella_enterica_serovar_Agona_SL483,PPI
SeAg_B0786,SeAg_B0786,B5F033,SeAg_B3577,SeAg_B3577,B5F7P6,249,2370,Lit_Ecoli_IntAct,Salmonella_enterica_serovar_Agona_SL483,PPI
SeAg_B0792,nadA,B5F034,SeAg_B0643,SeAg_B0643,B5EYJ5,3141,3654,Lit_Ecoli_IntAct,Salmonella_enterica_serovar_Agona_SL483,PPI
SeAg_B0792,nadA,B5F034,SeAg_B2751,nadB,B5F1G8,3141,4163,Lit_Ecoli_IntAct,Salmonella_enterica_serovar_Agona_SL483,PPI
SeAg_B0810,galK,B5F052,SeAg_B2782,SeAg_B2782,B5F250,3217,1273,Lit_Ecoli_IntAct,Salmonella_enterica_serovar_Agona_SL483,PPI
SeAg_B0810,galK,B5F052,SeAg_B2849,SeAg_B2849,B5F2B2,3217,1273,Lit_Ecoli_IntAct,Salmonella_enterica_serovar_Agona_SL483,PPI
SeAg_B0810,galK,B5F052,SeAg_B3185,SeAg_B3185,B5F4X8,3217,4451,Lit_Ecoli_IntAct,Salmonella_enterica_serovar_Agona_SL483,PPI
SeAg_B0810,galK,B5F052,SeAg_B0087,SeAg_B0087,B5F759,3217,2000,Lit_Ecoli_IntAct,Salmonella_enterica_serovar_Agona_SL483,PPI
SeAg_B0830,bioB,B5F072,SeAg_B1285,proQ,B5F3P7,1192,2695,Lit_Ecoli_IntAct,Salmonella_enterica_serovar_Agona_SL483,PPI
SeAg_B0830,bioB,B5F072,SeAg_B3471,rpsO,B5F6T5,1192,3587,IntAct,Salmonella_enterica_serovar_Agona_SL483,PPI
SeAg_B0836,SeAg_B0836,B5F078,SeAg_B0691,leuS,B5EZ89,3202,1322,Lit_Ecoli_IntAct,Salmonella_enterica_serovar_Agona_SL483,PPI
SeAg_B0836,SeAg_B0836,B5F078,SeAg_B1432,topA,B5F4N5,3202,420,Lit_Ecoli_IntAct,Salmonella_enterica_serovar_Agona_SL483,PPI
SeAg_B0838,moaB,B5F080,SeAg_B3782,SeAg_B3782,B5F9E2,2276,1265,IntAct,Salmonella_enterica_serovar_Agona_SL483,PPI
SeAg_B0840,moaD,B5F082,SeAg_B0886,moeB,B5F0W9,3466,571,IntAct_Interactome3d,Salmonella_enterica_serovar_Agona_SL483,PPI
SeAg_B0841,moaE,B5F083,SeAg_B0840,moaD,B5F082,1750,3466,Lit_Ecoli_IntAct_Interactome3d,Salmonella_enterica_serovar_Agona_SL483,PPI
SeAg_B0841,moaE,B5F083,SeAg_B2602,eutC,B5F0I6,1750,2957,Lit_Ecoli_IntAct,Salmonella_enterica_serovar_Agona_SL483,PPI
SeAg_B0841,moaE,B5F083,SeAg_B0936,hcr,B5F117,1750,2403,Lit_Ecoli_IntAct,Salmonella_enterica_serovar_Agona_SL483,PPI
SeAg_B0841,moaE,B5F083,SeAg_B1194,SeAg_B1194,B5F2V7,1750,2493,Lit_Ecoli_IntAct,Salmonella_enterica_serovar_Agona_SL483,PPI
SeAg_B0841,moaE,B5F083,SeAg_B1827,SeAg_B1827,B5F7E9,1750,87,Lit_Ecoli_IntAct,Salmonella_enterica_serovar_Agona_SL483,PPI
SeAg_B0841,moaE,B5F083,SeAg_B3786,nikR,B5F9E6,1750,2652,Lit_Ecoli_IntAct,Salmonella_enterica_serovar_Agona_SL483,PPI
SeAg_B0854,SeAg_B0854,B5F096,SeAg_B2962,hypF,B5F366,3413,814,Lit_Ecoli_IntAct,Salmonella_enterica_serovar_Agona_SL483,PPI
SeAg_B0854,SeAg_B0854,B5F096,SeAg_B3216,ubiH,B5F5I3,3413,2666,Lit_Ecoli_IntAct,Salmonella_enterica_serovar_Agona_SL483,PPI
SeAg_B0855,SeAg_B0855,B5F097,SeAg_B3864,SeAg_B3864,B5EX62,2090,2070,Lit_Ecoli_IntAct,Salmonella_enterica_serovar_Agona_SL483,PPI
SeAg_B0857,dinG,B5F099,SeAg_B4512,ssb,B5F2C9,1948,1835,IntAct,Salmonella_enterica_serovar_Agona_SL483,PPI
SeAg_B0875,SeAg_B0875,B5F0B6,SeAg_B2968,hycG,B5F372,2413,602,Lit_Ecoli_IntAct,Salmonella_enterica_serovar_Agona_SL483,PPI
SeAg_B0875,SeAg_B0875,B5F0B6,SeAg_B4707,SeAg_B4707,B5F3F4,2413,1491,Lit_Ecoli_IntAct,Salmonella_enterica_serovar_Agona_SL483,PPI
SeAg_B0875,SeAg_B0875,B5F0B6,SeAg_B3813,SeAg_B3813,B5F9H3,2413,3599,Lit_Ecoli_IntAct,Salmonella_enterica_serovar_Agona_SL483,PPI
SeAg_B2532,SeAg_B2532,B5F0C5,SeAg_B1420,trpB,B5F4M4,433,955,Lit_Ecoli_IntAct,Salmonella_enterica_serovar_Agona_SL483,PPI
SeAg_B2532,SeAg_B2532,B5F0C5,SeAg_B0273,accA,B5F8U6,433,501,Lit_Ecoli_IntAct,Salmonella_enterica_serovar_Agona_SL483,PPI
SeAg_B2549,SeAg_B2549,B5F0D9,SeAg_B3353,SeAg_B3353,B5F665,1148,1099,Lit_Ecoli_IntAct,Salmonella_enterica_serovar_Agona_SL483,PPI
SeAg_B2571,ligA,B5F0F5,SeAg_B0691,leuS,B5EZ89,2114,1322,Lit_Ecoli_IntAct,Salmonella_enterica_serovar_Agona_SL483,PPI
SeAg_B2571,ligA,B5F0F5,SeAg_B0836,SeAg_B0836,B5F078,2114,3202,Lit_Ecoli_IntAct,Salmonella_enterica_serovar_Agona_SL483,PPI
SeAg_B2571,ligA,B5F0F5,SeAg_B1432,topA,B5F4N5,2114,420,Lit_Ecoli_IntAct,Salmonella_enterica_serovar_Agona_SL483,PPI
SeAg_B2577,ptsI,B5F0G1,SeAg_B0472,SeAg_B0472,B5EXH3,1686,1011,Biogrid,Salmonella_enterica_serovar_Agona_SL483,PPI
SeAg_B2577,ptsI,B5F0G1,SeAg_B0595,SeAg_B0595,B5EYE9,1686,511,Lit_Ecoli_IntAct,Salmonella_enterica_serovar_Agona_SL483,PPI
SeAg_B2577,ptsI,B5F0G1,SeAg_B2576,ptsH,B5F0G0,1686,561,IntAct_Interactome3d,Salmonella_enterica_serovar_Agona_SL483,PPI
SeAg_B2578,crr,B5F0G2,SeAg_B0352,frsA,B5EWK1,1728,103,IntAct_Interactome3d,Salmonella_enterica_serovar_Agona_SL483,PPI
SeAg_B2578,crr,B5F0G2,SeAg_B4142,trxA,B5EZ41,1728,3171,IntAct,Salmonella_enterica_serovar_Agona_SL483,PPI
SeAg_B2578,crr,B5F0G2,SeAg_B2576,ptsH,B5F0G0,1728,561,IntAct_Interactome3d,Salmonella_enterica_serovar_Agona_SL483,PPI
SeAg_B2578,crr,B5F0G2,SeAg_B4332,glpK,B5F0R7,1728,1877,Interactome3d,Salmonella_enterica_serovar_Agona_SL483,PPI
SeAg_B2580,pdxK,B5F0G4,SeAg_B2301,SeAg_B2301,B5EXZ6,435,404,Lit_Ecoli_IntAct,Salmonella_enterica_serovar_Agona_SL483,PPI
SeAg_B2580,pdxK,B5F0G4,SeAg_B3162,SeAg_B3162,B5F4V7,435,2283,Lit_Ecoli_IntAct,Salmonella_enterica_serovar_Agona_SL483,PPI
SeAg_B2580,pdxK,B5F0G4,SeAg_B1602,SeAg_B1602,B5F5W8,435,378,Lit_Ecoli_IntAct,Salmonella_enterica_serovar_Agona_SL483,PPI
SeAg_B2594,SeAg_B2594,B5F0H8,SeAg_B2761,SeAg_B2761,B5F232,3332,133,IntAct_Interactome3d,Salmonella_enterica_serovar_Agona_SL483,PPI
SeAg_B2602,eutC,B5F0I6,SeAg_B0428,SeAg_B0428,B5EWS3,2957,2672,Lit_Ecoli_IntAct,Salmonella_enterica_serovar_Agona_SL483,PPI
SeAg_B2602,eutC,B5F0I6,SeAg_B0535,hemH,B5EXN2,2957,2040,Lit_Ecoli_IntAct,Salmonella_enterica_serovar_Agona_SL483,PPI
SeAg_B2602,eutC,B5F0I6,SeAg_B0830,bioB,B5F072,2957,1192,Lit_Ecoli_IntAct,Salmonella_enterica_serovar_Agona_SL483,PPI
SeAg_B2602,eutC,B5F0I6,SeAg_B0834,uvrB,B5F076,2957,1831,Lit_Ecoli_IntAct,Salmonella_enterica_serovar_Agona_SL483,PPI
SeAg_B2602,eutC,B5F0I6,SeAg_B2603,eutB,B5F0I7,2957,2614,Interactome3d,Salmonella_enterica_serovar_Agona_SL483,PPI
SeAg_B2602,eutC,B5F0I6,SeAg_B2604,eutA,B5F0I8,2957,874,Lit_Ecoli_IntAct,Salmonella_enterica_serovar_Agona_SL483,PPI
SeAg_B2602,eutC,B5F0I6,SeAg_B2626,SeAg_B2626,B5F0K9,2957,3309,Lit_Ecoli_IntAct,Salmonella_enterica_serovar_Agona_SL483,PPI
SeAg_B2602,eutC,B5F0I6,SeAg_B0913,SeAg_B0913,B5F0Z5,2957,1587,Lit_Ecoli_IntAct,Salmonella_enterica_serovar_Agona_SL483,PPI
SeAg_B2602,eutC,B5F0I6,SeAg_B0937,hcp,B5F118,2957,753,Lit_Ecoli_IntAct,Salmonella_enterica_serovar_Agona_SL483,PPI
SeAg_B2602,eutC,B5F0I6,SeAg_B1149,fliG,B5F2R7,2957,2795,Lit_Ecoli_IntAct,Salmonella_enterica_serovar_Agona_SL483,PPI
SeAg_B2602,eutC,B5F0I6,SeAg_B1279,SeAg_B1279,B5F3P1,2957,1513,Lit_Ecoli_IntAct,Salmonella_enterica_serovar_Agona_SL483,PPI
SeAg_B2602,eutC,B5F0I6,SeAg_B4770,idnK,B5F472,2957,33,Lit_Ecoli_IntAct,Salmonella_enterica_serovar_Agona_SL483,PPI
SeAg_B2602,eutC,B5F0I6,SeAg_B3517,elbB,B5F6X8,2957,131,Lit_Ecoli_IntAct,Salmonella_enterica_serovar_Agona_SL483,PPI
SeAg_B2602,eutC,B5F0I6,SeAg_B3717,malT,B5F8N2,2957,1035,Lit_Ecoli_IntAct,Salmonella_enterica_serovar_Agona_SL483,PPI
SeAg_B2602,eutC,B5F0I6,SeAg_B2027,bssS,B5F946,2957,732,Lit_Ecoli_IntAct,Salmonella_enterica_serovar_Agona_SL483,PPI
SeAg_B2602,eutC,B5F0I6,SeAg_B3786,nikR,B5F9E6,2957,2652,Lit_Ecoli_IntAct,Salmonella_enterica_serovar_Agona_SL483,PPI
SeAg_B2613,eutQ,B5F0J6,SeAg_B2611,eutD,B5F0J4,1839,16,Lit_Ecoli_IntAct,Salmonella_enterica_serovar_Agona_SL483,PPI
SeAg_B2613,eutQ,B5F0J6,SeAg_B3550,mdh,B5F7L9,1839,109,Lit_Ecoli_IntAct,Salmonella_enterica_serovar_Agona_SL483,PPI
SeAg_B2615,SeAg_B2615,B5F0J8,SeAg_B1125,SeAg_B1125,B5F2P4,818,3337,Lit_Ecoli_IntAct,Salmonella_enterica_serovar_Agona_SL483,PPI
SeAg_B2618,tkt,B5F0K1,SeAg_B3238,tktA,B5F5K1,3649,2398,Interactome3d,Salmonella_enterica_serovar_Agona_SL483,PPI
SeAg_B2626,SeAg_B2626,B5F0K9,SeAg_B0936,hcr,B5F117,3309,2403,Lit_Ecoli_IntAct,Salmonella_enterica_serovar_Agona_SL483,PPI
SeAg_B2626,SeAg_B2626,B5F0K9,SeAg_B0975,pflA,B5F153,3309,517,Lit_Ecoli_IntAct,Salmonella_enterica_serovar_Agona_SL483,PPI
SeAg_B2626,SeAg_B2626,B5F0K9,SeAg_B1285,proQ,B5F3P7,3309,2695,Lit_Ecoli_IntAct,Salmonella_enterica_serovar_Agona_SL483,PPI
SeAg_B2627,dapE,B5F0L0,SeAg_B2236,SeAg_B2236,B5EXT8,3592,3304,Lit_Ecoli_IntAct,Salmonella_enterica_serovar_Agona_SL483,PPI
SeAg_B2627,dapE,B5F0L0,SeAg_B4733,nrdG,B5F436,3592,1285,Lit_Ecoli_IntAct,Salmonella_enterica_serovar_Agona_SL483,PPI
SeAg_B2633,SeAg_B2633,B5F0L4,SeAg_B2775,SeAg_B2775,B5F243,3388,2793,IntAct_Interactome3d,Salmonella_enterica_serovar_Agona_SL483,PPI
SeAg_B2635,gcvR,B5F0L6,SeAg_B2951,mltB,B5F355,405,3509,Lit_Ecoli_IntAct,Salmonella_enterica_serovar_Agona_SL483,PPI
SeAg_B2636,bcp,B5F0L7,SeAg_B2172,SeAg_B2172,B5EX15,2767,3646,Lit_Ecoli_IntAct,Salmonella_enterica_serovar_Agona_SL483,PPI
SeAg_B2636,bcp,B5F0L7,SeAg_B0472,SeAg_B0472,B5EXH3,2767,1011,Biogrid,Salmonella_enterica_serovar_Agona_SL483,PPI
SeAg_B2636,bcp,B5F0L7,SeAg_B2609,eutN,B5F0J3,2767,3646,Lit_Ecoli_IntAct,Salmonella_enterica_serovar_Agona_SL483,PPI
SeAg_B2642,arsC,B5F0M3,SeAg_B1491,fnr,B5F5B3,535,147,Lit_Ecoli_IntAct,Salmonella_enterica_serovar_Agona_SL483,PPI
SeAg_B2642,arsC,B5F0M3,SeAg_B3577,SeAg_B3577,B5F7P6,535,2370,Lit_Ecoli_IntAct,Salmonella_enterica_serovar_Agona_SL483,PPI
SeAg_B2642,arsC,B5F0M3,SeAg_B3663,crp,B5F8H8,535,2484,Lit_Ecoli_IntAct,Salmonella_enterica_serovar_Agona_SL483,PPI
SeAg_B4287,fucO,B5F0M5,SeAg_B3602,def,B5F7R3,948,1601,Lit_Ecoli_IntAct,Salmonella_enterica_serovar_Agona_SL483,PPI
SeAg_B4301,sodA,B5F0N9,SeAg_B4142,trxA,B5EZ41,3238,3171,IntAct,Salmonella_enterica_serovar_Agona_SL483,PPI
SeAg_B4304,cpxA,B5F0P2,SeAg_B4305,cpxR,B5F0P3,2576,290,Lit_Ecoli_IntAct,Salmonella_enterica_serovar_Agona_SL483,PPI
SeAg_B4327,tpiA,B5F0R2,SeAg_B4142,trxA,B5EZ41,3070,3171,IntAct,Salmonella_enterica_serovar_Agona_SL483,PPI
SeAg_B4327,tpiA,B5F0R2,SeAg_B0978,pflB2,B5F155,3070,2570,Lit_Ecoli_IntAct,Salmonella_enterica_serovar_Agona_SL483,PPI
SeAg_B4327,tpiA,B5F0R2,SeAg_B1957,pepT,B5F8C6,3070,2172,Lit_Ecoli_IntAct,Salmonella_enterica_serovar_Agona_SL483,PPI
SeAg_B4335,rraA,B5F0S0,SeAg_B0643,SeAg_B0643,B5EYJ5,3581,3654,Lit_Ecoli_IntAct,Salmonella_enterica_serovar_Agona_SL483,PPI
SeAg_B4335,rraA,B5F0S0,SeAg_B3663,crp,B5F8H8,3581,2484,Lit_Ecoli_IntAct,Salmonella_enterica_serovar_Agona_SL483,PPI
SeAg_B4337,hslU,B5F0S2,SeAg_B4142,trxA,B5EZ41,344,3171,IntAct,Salmonella_enterica_serovar_Agona_SL483,PPI
SeAg_B4337,hslU,B5F0S2,SeAg_B4338,hslV,B5F0S3,344,1636,IntAct_Interactome3d,Salmonella_enterica_serovar_Agona_SL483,PPI
SeAg_B4337,hslU,B5F0S2,SeAg_B1029,SeAg_B1029,B5F1V5,344,2113,IntAct,Salmonella_enterica_serovar_Agona_SL483,PPI
SeAg_B4339,ftsN,B5F0S4,SeAg_B4886,SeAg_B4886,B5F521,2083,358,Lit_Ecoli_IntAct,Salmonella_enterica_serovar_Agona_SL483,PPI
SeAg_B4339,ftsN,B5F0S4,SeAg_B3565,mreB,B5F7N4,2083,624,IntAct,Salmonella_enterica_serovar_Agona_SL483,PPI
SeAg_B4339,ftsN,B5F0S4,SeAg_B0138,ftsL,B5F7V7,2083,229,IntAct,Salmonella_enterica_serovar_Agona_SL483,PPI
SeAg_B4339,ftsN,B5F0S4,SeAg_B0139,ftsI,B5F7V8,2083,3143,IntAct,Salmonella_enterica_serovar_Agona_SL483,PPI
SeAg_B4339,ftsN,B5F0S4,SeAg_B0144,ftsW,B5F7W3,2083,3007,IntAct,Salmonella_enterica_serovar_Agona_SL483,PPI
SeAg_B4339,ftsN,B5F0S4,SeAg_B0148,ftsQ,B5F7W7,2083,398,Lit_Ecoli_IntAct,Salmonella_enterica_serovar_Agona_SL483,PPI
SeAg_B4339,ftsN,B5F0S4,SeAg_B0149,ftsA,B5F7W8,2083,363,IntAct,Salmonella_enterica_serovar_Agona_SL483,PPI
SeAg_B4339,ftsN,B5F0S4,SeAg_B0225,mrcB,B5F842,2083,2681,IntAct,Salmonella_enterica_serovar_Agona_SL483,PPI
SeAg_B4339,ftsN,B5F0S4,SeAg_B3684,SeAg_B3684,B5F8J9,2083,2025,IntAct,Salmonella_enterica_serovar_Agona_SL483,PPI
SeAg_B4340,cytR,B5F0S5,SeAg_B2172,SeAg_B2172,B5EX15,2465,3646,Lit_Ecoli_IntAct,Salmonella_enterica_serovar_Agona_SL483,PPI
SeAg_B4340,cytR,B5F0S5,SeAg_B2609,eutN,B5F0J3,2465,3646,Lit_Ecoli_IntAct,Salmonella_enterica_serovar_Agona_SL483,PPI
SeAg_B4342,rpmE,B5F0S7,SeAg_B0435,phoB,B5EWT0,212,197,Lit_Ecoli_IntAct,Salmonella_enterica_serovar_Agona_SL483,PPI
SeAg_B4342,rpmE,B5F0S7,SeAg_B2172,SeAg_B2172,B5EX15,212,3646,Lit_Ecoli_IntAct,Salmonella_enterica_serovar_Agona_SL483,PPI
SeAg_B4342,rpmE,B5F0S7,SeAg_B0830,bioB,B5F072,212,1192,Lit_Ecoli_IntAct,Salmonella_enterica_serovar_Agona_SL483,PPI
SeAg_B4342,rpmE,B5F0S7,SeAg_B2609,eutN,B5F0J3,212,3646,Lit_Ecoli_IntAct,Salmonella_enterica_serovar_Agona_SL483,PPI
SeAg_B4342,rpmE,B5F0S7,SeAg_B0894,rimO,B5F0X7,212,1787,Lit_Ecoli_IntAct,Salmonella_enterica_serovar_Agona_SL483,PPI
SeAg_B4342,rpmE,B5F0S7,SeAg_B2782,SeAg_B2782,B5F250,212,1273,Lit_Ecoli_IntAct,Salmonella_enterica_serovar_Agona_SL483,PPI
SeAg_B4342,rpmE,B5F0S7,SeAg_B2849,SeAg_B2849,B5F2B2,212,1273,Lit_Ecoli_IntAct,Salmonella_enterica_serovar_Agona_SL483,PPI
SeAg_B4342,rpmE,B5F0S7,SeAg_B4672,rplI,B5F3C0,212,2583,Interactome3d,Salmonella_enterica_serovar_Agona_SL483,PPI
SeAg_B4357,fsaB,B5F0U2,SeAg_B2372,SeAg_B2372,B5EYS5,2973,1493,Lit_Ecoli_IntAct,Salmonella_enterica_serovar_Agona_SL483,PPI
SeAg_B4357,fsaB,B5F0U2,SeAg_B0270,lpxB,B5F8U3,2973,2447,Lit_Ecoli_IntAct,Salmonella_enterica_serovar_Agona_SL483,PPI
SeAg_B4358,SeAg_B4358,B5F0U3,SeAg_B0702,SeAg_B0702,B5EZA0,2208,1732,Lit_Ecoli_IntAct,Salmonella_enterica_serovar_Agona_SL483,PPI
SeAg_B4358,SeAg_B4358,B5F0U3,SeAg_B0834,uvrB,B5F076,2208,1831,Lit_Ecoli_IntAct,Salmonella_enterica_serovar_Agona_SL483,PPI
SeAg_B4362,argC,B5F0U7,SeAg_B3185,SeAg_B3185,B5F4X8,1251,4451,Lit_Ecoli_IntAct,Salmonella_enterica_serovar_Agona_SL483,PPI
SeAg_B4369,SeAg_B4369,B5F0V2,SeAg_B2172,SeAg_B2172,B5EX15,1891,3646,Lit_Ecoli_IntAct,Salmonella_enterica_serovar_Agona_SL483,PPI
SeAg_B4369,SeAg_B4369,B5F0V2,SeAg_B2609,eutN,B5F0J3,1891,3646,Lit_Ecoli_IntAct,Salmonella_enterica_serovar_Agona_SL483,PPI
SeAg_B4369,SeAg_B4369,B5F0V2,SeAg_B0894,rimO,B5F0X7,1891,1787,Lit_Ecoli_IntAct,Salmonella_enterica_serovar_Agona_SL483,PPI
SeAg_B4373,murI,B5F0V5,SeAg_B0345,SeAg_B0345,B5EWJ4,3663,328,Lit_Ecoli_IntAct,Salmonella_enterica_serovar_Agona_SL483,PPI
SeAg_B4373,murI,B5F0V5,SeAg_B0656,SeAg_B0656,B5EYK6,3663,2799,Lit_Ecoli_IntAct,Salmonella_enterica_serovar_Agona_SL483,PPI
SeAg_B4373,murI,B5F0V5,SeAg_B4886,SeAg_B4886,B5F521,3663,358,Lit_Ecoli_IntAct,Salmonella_enterica_serovar_Agona_SL483,PPI
SeAg_B4373,murI,B5F0V5,SeAg_B3264,SeAg_B3264,B5F5M6,3663,1225,Lit_Ecoli_IntAct,Salmonella_enterica_serovar_Agona_SL483,PPI
SeAg_B4373,murI,B5F0V5,SeAg_B1825,SeAg_B1825,B5F7E7,3663,2536,Lit_Ecoli_IntAct,Salmonella_enterica_serovar_Agona_SL483,PPI
SeAg_B4380,murB,B5F0V6,SeAg_B1285,proQ,B5F3P7,2595,2695,Lit_Ecoli_IntAct,Salmonella_enterica_serovar_Agona_SL483,PPI
SeAg_B4389,secE,B5F0W1,SeAg_B3482,secG,B5F6U3,3041,952,Interactome3d,Salmonella_enterica_serovar_Agona_SL483,PPI
SeAg_B4389,secE,B5F0W1,SeAg_B0153,secA,B5F7X1,3041,2356,IntAct,Salmonella_enterica_serovar_Agona_SL483,PPI
SeAg_B4390,nusG,B5F0W2,SeAg_B1545,SeAg_B1545,B5F5R4,913,1079,Lit_Ecoli_IntAct,Salmonella_enterica_serovar_Agona_SL483,PPI
SeAg_B4390,nusG,B5F0W2,SeAg_B3637,rpsJ,B5F8F3,913,1695,IntAct_Interactome3d,Salmonella_enterica_serovar_Agona_SL483,PPI
SeAg_B4391,rplK,B5F0W3,SeAg_B0472,SeAg_B0472,B5EXH3,1487,1011,Biogrid,Salmonella_enterica_serovar_Agona_SL483,PPI
SeAg_B4391,rplK,B5F0W3,SeAg_B4393,rplJ,B5F0W5,1487,2175,Interactome3d,Salmonella_enterica_serovar_Agona_SL483,PPI
SeAg_B4391,rplK,B5F0W3,SeAg_B4394,rplL,B5F0W6,1487,4142,Interactome3d,Salmonella_enterica_serovar_Agona_SL483,PPI
SeAg_B4391,rplK,B5F0W3,SeAg_B3621,rplF,B5F7T0,1487,454,Interactome3d,Salmonella_enterica_serovar_Agona_SL483,PPI
SeAg_B4391,rplK,B5F0W3,SeAg_B0259,frr,B5F8T3,1487,424,Lit_Ecoli_IntAct,Salmonella_enterica_serovar_Agona_SL483,PPI
SeAg_B4394,rplL,B5F0W6,SeAg_B0472,SeAg_B0472,B5EXH3,4142,1011,Biogrid,Salmonella_enterica_serovar_Agona_SL483,PPI
SeAg_B4394,rplL,B5F0W6,SeAg_B4393,rplJ,B5F0W5,4142,2175,Interactome3d,Salmonella_enterica_serovar_Agona_SL483,PPI
SeAg_B4394,rplL,B5F0W6,SeAg_B1978,SeAg_B1978,B5F8Z9,4142,67,Lit_Ecoli_IntAct,Salmonella_enterica_serovar_Agona_SL483,PPI
SeAg_B4396,rpoB,B5F0W7,SeAg_B0472,SeAg_B0472,B5EXH3,2611,1011,Biogrid,Salmonella_enterica_serovar_Agona_SL483,PPI
SeAg_B4396,rpoB,B5F0W7,SeAg_B3958,rpoZ,B5EY10,2611,2062,IntAct_Interactome3d,Salmonella_enterica_serovar_Agona_SL483,PPI
SeAg_B4396,rpoB,B5F0W7,SeAg_B3397,rpoD,B5F6A7,2611,3123,IntAct_Interactome3d,Salmonella_enterica_serovar_Agona_SL483,PPI
SeAg_B4396,rpoB,B5F0W7,SeAg_B0106,rapA,B5F778,2611,345,Lit_Ecoli_IntAct,Salmonella_enterica_serovar_Agona_SL483,PPI
SeAg_B4396,rpoB,B5F0W7,SeAg_B3610,rpoA,B5F7S1,2611,1508,IntAct_Interactome3d,Salmonella_enterica_serovar_Agona_SL483,PPI
SeAg_B0908,SeAg_B0908,B5F0Z0,SeAg_B1285,proQ,B5F3P7,3860,2695,Lit_Ecoli_IntAct,Salmonella_enterica_serovar_Agona_SL483,PPI
SeAg_B0908,SeAg_B0908,B5F0Z0,SeAg_B3216,ubiH,B5F5I3,3860,2666,Lit_Ecoli_IntAct,Salmonella_enterica_serovar_Agona_SL483,PPI
SeAg_B0909,grxA,B5F0Z1,SeAg_B3920,grxC,B5EXB7,3866,1788,Lit_Ecoli_IntAct,Salmonella_enterica_serovar_Agona_SL483,PPI
SeAg_B0909,grxA,B5F0Z1,SeAg_B0643,SeAg_B0643,B5EYJ5,3866,3654,Lit_Ecoli_IntAct,Salmonella_enterica_serovar_Agona_SL483,PPI
SeAg_B0909,grxA,B5F0Z1,SeAg_B2782,SeAg_B2782,B5F250,3866,1273,Lit_Ecoli_IntAct,Salmonella_enterica_serovar_Agona_SL483,PPI
SeAg_B0909,grxA,B5F0Z1,SeAg_B2849,SeAg_B2849,B5F2B2,3866,1273,Lit_Ecoli_IntAct,Salmonella_enterica_serovar_Agona_SL483,PPI
SeAg_B0909,grxA,B5F0Z1,SeAg_B3786,nikR,B5F9E6,3866,2652,Lit_Ecoli_IntAct,Salmonella_enterica_serovar_Agona_SL483,PPI
SeAg_B0913,SeAg_B0913,B5F0Z5,SeAg_B0643,SeAg_B0643,B5EYJ5,1587,3654,Lit_Ecoli_IntAct,Salmonella_enterica_serovar_Agona_SL483,PPI
SeAg_B0935,poxB,B5F116,SeAg_B0635,entE,B5EYI7,2147,614,Lit_Ecoli_IntAct,Salmonella_enterica_serovar_Agona_SL483,PPI
SeAg_B0935,poxB,B5F116,SeAg_B1822,SeAg_B1822,B5F7E5,2147,614,Lit_Ecoli_IntAct,Salmonella_enterica_serovar_Agona_SL483,PPI
SeAg_B0936,hcr,B5F117,SeAg_B0643,SeAg_B0643,B5EYJ5,2403,3654,Lit_Ecoli_IntAct,Salmonella_enterica_serovar_Agona_SL483,PPI
SeAg_B0936,hcr,B5F117,SeAg_B2464,nuoE,B5EZK6,2403,2034,Lit_Ecoli_IntAct,Salmonella_enterica_serovar_Agona_SL483,PPI
SeAg_B0936,hcr,B5F117,SeAg_B2963,SeAg_B2963,B5F367,2403,3570,Lit_Ecoli_IntAct,Salmonella_enterica_serovar_Agona_SL483,PPI
SeAg_B0936,hcr,B5F117,SeAg_B3323,hybO,B5F637,2403,2290,Lit_Ecoli_IntAct,Salmonella_enterica_serovar_Agona_SL483,PPI
SeAg_B0937,hcp,B5F118,SeAg_B0643,SeAg_B0643,B5EYJ5,753,3654,Lit_Ecoli_IntAct,Salmonella_enterica_serovar_Agona_SL483,PPI
SeAg_B0945,cspD,B5F126,SeAg_B1294,cspC,B5F3Q5,1464,2817,IntAct_Interactome3d,Salmonella_enterica_serovar_Agona_SL483,PPI
SeAg_B0945,cspD,B5F126,SeAg_B3839,dppD,B5F9J6,1464,1907,Lit_Ecoli_IntAct,Salmonella_enterica_serovar_Agona_SL483,PPI
SeAg_B0946,clpS,B5F127,SeAg_B0868,SeAg_B0868,B5F0B0,3655,2497,IntAct_Interactome3d,Salmonella_enterica_serovar_Agona_SL483,PPI
SeAg_B0947,clpA,B5F128,SeAg_B0868,SeAg_B0868,B5F0B0,2135,2497,IntAct,Salmonella_enterica_serovar_Agona_SL483,PPI
SeAg_B0947,clpA,B5F128,SeAg_B0946,clpS,B5F127,2135,3655,IntAct_Interactome3d_Biogrid,Salmonella_enterica_serovar_Agona_SL483,PPI
SeAg_B0956,SeAg_B0956,B5F134,SeAg_B1220,SeAg_B1220,B5F3I7,957,1629,Lit_Ecoli_IntAct,Salmonella_enterica_serovar_Agona_SL483,PPI
SeAg_B0959,infA,B5F137,SeAg_B3645,rpsL,B5F8G0,1563,2035,Interactome3d,Salmonella_enterica_serovar_Agona_SL483,PPI
SeAg_B0960,aat,B5F138,SeAg_B3275,SeAg_B3275,B5F5N7,1572,135,Lit_Ecoli_IntAct,Salmonella_enterica_serovar_Agona_SL483,PPI
SeAg_B0963,trxB,B5F141,SeAg_B2184,SeAg_B2184,B5EX27,3448,2262,Lit_Ecoli_IntAct,Salmonella_enterica_serovar_Agona_SL483,PPI
SeAg_B0963,trxB,B5F141,SeAg_B0486,SeAg_B0486,B5EXI6,3448,2567,Lit_Ecoli_IntAct,Salmonella_enterica_serovar_Agona_SL483,PPI
SeAg_B0963,trxB,B5F141,SeAg_B2412,ubiG,B5EYW1,3448,1095,Lit_Ecoli_IntAct,Salmonella_enterica_serovar_Agona_SL483,PPI
SeAg_B0963,trxB,B5F141,SeAg_B4142,trxA,B5EZ41,3448,3171,Lit_Ecoli_IntAct_Interactome3d,Salmonella_enterica_serovar_Agona_SL483,PPI
SeAg_B0963,trxB,B5F141,SeAg_B2922,SeAg_B2922,B5F332,3448,665,Lit_Ecoli_IntAct,Salmonella_enterica_serovar_Agona_SL483,PPI
SeAg_B0963,trxB,B5F141,SeAg_B1285,proQ,B5F3P7,3448,2695,Lit_Ecoli_IntAct,Salmonella_enterica_serovar_Agona_SL483,PPI
SeAg_B0963,trxB,B5F141,SeAg_B1317,minE,B5F3S6,3448,1324,Lit_Ecoli_IntAct,Salmonella_enterica_serovar_Agona_SL483,PPI
SeAg_B0963,trxB,B5F141,SeAg_B1325,SeAg_B1325,B5F4D9,3448,2136,Lit_Ecoli_IntAct,Salmonella_enterica_serovar_Agona_SL483,PPI
SeAg_B0963,trxB,B5F141,SeAg_B1910,SeAg_B1910,B5F883,3448,2136,Lit_Ecoli_IntAct,Salmonella_enterica_serovar_Agona_SL483,PPI
SeAg_B0963,trxB,B5F141,SeAg_B0284,SeAg_B0284,B5F8V7,3448,1978,Lit_Ecoli_IntAct,Salmonella_enterica_serovar_Agona_SL483,PPI
SeAg_B0964,lrp,B5F142,SeAg_B0656,SeAg_B0656,B5EYK6,3848,2799,Lit_Ecoli_IntAct,Salmonella_enterica_serovar_Agona_SL483,PPI
SeAg_B0964,lrp,B5F142,SeAg_B0662,citE,B5EYL2,3848,220,Lit_Ecoli_IntAct,Salmonella_enterica_serovar_Agona_SL483,PPI
SeAg_B0964,lrp,B5F142,SeAg_B0096,folA,B5F768,3848,1801,Lit_Ecoli_IntAct,Salmonella_enterica_serovar_Agona_SL483,PPI
SeAg_B0964,lrp,B5F142,SeAg_B3725,SeAg_B3725,B5F8P0,3848,2456,Lit_Ecoli_IntAct,Salmonella_enterica_serovar_Agona_SL483,PPI
SeAg_B0965,SeAg_B0965,B5F143,SeAg_B0148,ftsQ,B5F7W7,1619,398,IntAct,Salmonella_enterica_serovar_Agona_SL483,PPI
SeAg_B0969,SeAg_B0969,B5F147,SeAg_B4205,SeAg_B4205,B5EZV2,3216,993,IntAct,Salmonella_enterica_serovar_Agona_SL483,PPI
SeAg_B0969,SeAg_B0969,B5F147,SeAg_B4206,tatC,B5EZV3,3216,3136,IntAct,Salmonella_enterica_serovar_Agona_SL483,PPI
SeAg_B0969,SeAg_B0969,B5F147,SeAg_B1677,SeAg_B1677,B5F6F0,3216,1911,IntAct,Salmonella_enterica_serovar_Agona_SL483,PPI
SeAg_B0970,,,,,,,,,,
SeAg_B0970,,,,,,,,,,
SeAg_B0970,,,,,,,,,,
SeAg_B0985,SeAg_B0985,B5F162,SeAg_B2980,hypE,B5F3U1,1872,71,Lit_Ecoli_IntAct,Salmonella_enterica_serovar_Agona_SL483,PPI
SeAg_B0985,SeAg_B0985,B5F162,SeAg_B3316,hypC,B5F630,1872,3620,Lit_Ecoli_IntAct,Salmonella_enterica_serovar_Agona_SL483,PPI
SeAg_B0986,cmk,B5F163,SeAg_B1285,proQ,B5F3P7,2755,2695,Lit_Ecoli_IntAct,Salmonella_enterica_serovar_Agona_SL483,PPI
SeAg_B0986,cmk,B5F163,SeAg_B1319,minC,B5F3S8,2755,970,Lit_Ecoli_IntAct,Salmonella_enterica_serovar_Agona_SL483,PPI
SeAg_B0987,rpsA,B5F164,SeAg_B0472,SeAg_B0472,B5EXH3,228,1011,Biogrid,Salmonella_enterica_serovar_Agona_SL483,PPI
SeAg_B0987,rpsA,B5F164,SeAg_B0013,dnaK,B5F6Y8,228,2512,IntAct,Salmonella_enterica_serovar_Agona_SL483,PPI
SeAg_B2647,purM,B5F175,SeAg_B3185,SeAg_B3185,B5F4X8,1483,4451,Lit_Ecoli_IntAct,Salmonella_enterica_serovar_Agona_SL483,PPI
SeAg_B2649,ppk,B5F177,SeAg_B0289,SeAg_B0289,B5F8W2,143,519,Lit_Ecoli_IntAct,Salmonella_enterica_serovar_Agona_SL483,PPI
SeAg_B2671,SeAg_B2671,B5F195,SeAg_B2633,SeAg_B2633,B5F0L4,1622,3388,IntAct,Salmonella_enterica_serovar_Agona_SL483,PPI
SeAg_B2671,SeAg_B2671,B5F195,SeAg_B2775,SeAg_B2775,B5F243,1622,2793,IntAct,Salmonella_enterica_serovar_Agona_SL483,PPI
SeAg_B2671,SeAg_B2671,B5F195,SeAg_B3320,hybC,B5F634,1622,631,IntAct,Salmonella_enterica_serovar_Agona_SL483,PPI
SeAg_B2672,SeAg_B2672,B5F196,SeAg_B4049,torD,B5EY97,1786,1565,Lit_Ecoli_IntAct,Salmonella_enterica_serovar_Agona_SL483,PPI
SeAg_B2672,SeAg_B2672,B5F196,SeAg_B0138,ftsL,B5F7V7,1786,229,IntAct,Salmonella_enterica_serovar_Agona_SL483,PPI
SeAg_B2676,SeAg_B2676,B5F199,SeAg_B3565,mreB,B5F7N4,39,624,IntAct,Salmonella_enterica_serovar_Agona_SL483,PPI
SeAg_B2677,SeAg_B2677,B5F1A0,SeAg_B2753,SeAg_B2753,B5F1G9,3493,1115,IntAct,Salmonella_enterica_serovar_Agona_SL483,PPI
SeAg_B2677,SeAg_B2677,B5F1A0,SeAg_B3617,rplO,B5F7S6,3493,2074,Lit_Ecoli_IntAct,Salmonella_enterica_serovar_Agona_SL483,PPI
SeAg_B2677,SeAg_B2677,B5F1A0,SeAg_B0150,ftsZ,B5F7W9,3493,1789,Lit_Ecoli_IntAct,Salmonella_enterica_serovar_Agona_SL483,PPI
SeAg_B2677,SeAg_B2677,B5F1A0,SeAg_B3717,malT,B5F8N2,3493,1035,Lit_Ecoli_IntAct,Salmonella_enterica_serovar_Agona_SL483,PPI
SeAg_B2678,ndk,B5F1A1,SeAg_B4142,trxA,B5EZ41,2887,3171,IntAct,Salmonella_enterica_serovar_Agona_SL483,PPI
SeAg_B2678,ndk,B5F1A1,SeAg_B2757,ung,B5F228,2887,3638,IntAct,Salmonella_enterica_serovar_Agona_SL483,PPI
SeAg_B2693,fdx,B5F1B5,SeAg_B1285,proQ,B5F3P7,2084,2695,Lit_Ecoli_IntAct,Salmonella_enterica_serovar_Agona_SL483,PPI
SeAg_B2693,fdx,B5F1B5,SeAg_B1425,SeAg_B1425,B5F4M8,2084,3767,Lit_Ecoli_IntAct,Salmonella_enterica_serovar_Agona_SL483,PPI
SeAg_B2696,iscA,B5F1B8,SeAg_B2693,fdx,B5F1B5,3205,2084,Lit_Ecoli_IntAct,Salmonella_enterica_serovar_Agona_SL483,PPI
SeAg_B2697,iscU,B5F1B9,SeAg_B2695,hscB,B5F1B7,1181,273,Lit_Ecoli_IntAct,Salmonella_enterica_serovar_Agona_SL483,PPI
SeAg_B2697,iscU,B5F1B9,SeAg_B2698,iscS,B5F1C0,1181,3518,IntAct_Interactome3d,Salmonella_enterica_serovar_Agona_SL483,PPI
SeAg_B2738,SeAg_B2738,B5F1F6,SeAg_B0689,holA,B5EZ87,1937,298,Lit_Ecoli_IntAct,Salmonella_enterica_serovar_Agona_SL483,PPI
SeAg_B2742,era,B5F1G0,SeAg_B3087,mazG,B5F4P1,227,3476,Lit_Ecoli_IntAct,Salmonella_enterica_serovar_Agona_SL483,PPI
SeAg_B2742,era,B5F1G0,SeAg_B3162,SeAg_B3162,B5F4V7,227,2283,Lit_Ecoli_IntAct,Salmonella_enterica_serovar_Agona_SL483,PPI
SeAg_B2742,era,B5F1G0,SeAg_B3577,SeAg_B3577,B5F7P6,227,2370,Lit_Ecoli_IntAct,Salmonella_enterica_serovar_Agona_SL483,PPI
SeAg_B2748,rseB,B5F1G5,SeAg_B2749,rseA,B5F1G6,459,2443,IntAct_Interactome3d,Salmonella_enterica_serovar_Agona_SL483,PPI
SeAg_B2749,rseA,B5F1G6,SeAg_B3532,sspB,B5F7K1,2443,222,Interactome3d,Salmonella_enterica_serovar_Agona_SL483,PPI
SeAg_B2749,rseA,B5F1G6,SeAg_B3540,degS,B5F7K9,2443,1520,IntAct,Salmonella_enterica_serovar_Agona_SL483,PPI
SeAg_B2750,rpoE,B5F1G7,SeAg_B2749,rseA,B5F1G6,3460,2443,Lit_Ecoli_IntAct_Interactome3d,Salmonella_enterica_serovar_Agona_SL483,PPI
SeAg_B2750,rpoE,B5F1G7,SeAg_B1027,SeAg_B1027,B5F1V3,3460,2375,Lit_Ecoli_IntAct,Salmonella_enterica_serovar_Agona_SL483,PPI
SeAg_B2750,rpoE,B5F1G7,SeAg_B4611,SeAg_B4611,B5F2L3,3460,2668,IntAct,Salmonella_enterica_serovar_Agona_SL483,PPI
SeAg_B2750,rpoE,B5F1G7,SeAg_B1142,fliN,B5F2R0,3460,1656,IntAct,Salmonella_enterica_serovar_Agona_SL483,PPI
SeAg_B2750,rpoE,B5F1G7,SeAg_B1147,fliI,B5F2R5,3460,703,Lit_Ecoli_IntAct,Salmonella_enterica_serovar_Agona_SL483,PPI
SeAg_B2750,rpoE,B5F1G7,SeAg_B1196,flhD,B5F2V9,3460,1977,IntAct,Salmonella_enterica_serovar_Agona_SL483,PPI
SeAg_B2750,rpoE,B5F1G7,SeAg_B1204,cheR,B5F2W7,3460,692,Lit_Ecoli_IntAct,Salmonella_enterica_serovar_Agona_SL483,PPI
SeAg_B2750,rpoE,B5F1G7,SeAg_B1432,topA,B5F4N5,3460,420,IntAct,Salmonella_enterica_serovar_Agona_SL483,PPI
SeAg_B2750,rpoE,B5F1G7,SeAg_B3577,SeAg_B3577,B5F7P6,3460,2370,Lit_Ecoli_IntAct,Salmonella_enterica_serovar_Agona_SL483,PPI
SeAg_B2750,rpoE,B5F1G7,SeAg_B3632,rpsS,B5F8E8,3460,3017,IntAct,Salmonella_enterica_serovar_Agona_SL483,PPI
SeAg_B2750,rpoE,B5F1G7,SeAg_B3682,rpe,B5F8J7,3460,3757,IntAct,Salmonella_enterica_serovar_Agona_SL483,PPI
SeAg_B2750,rpoE,B5F1G7,SeAg_B2006,flgJ,B5F925,3460,2165,IntAct,Salmonella_enterica_serovar_Agona_SL483,PPI
SeAg_B2753,SeAg_B2753,B5F1G9,SeAg_B4335,rraA,B5F0S0,1115,3581,Interactome3d,Salmonella_enterica_serovar_Agona_SL483,PPI
SeAg_B2753,SeAg_B2753,B5F1G9,SeAg_B1427,rluB,B5F4N0,1115,2408,Lit_Ecoli_IntAct,Salmonella_enterica_serovar_Agona_SL483,PPI
SeAg_B2753,SeAg_B2753,B5F1G9,SeAg_B3467,deaD,B5F6T3,1115,2144,IntAct_Interactome3d,Salmonella_enterica_serovar_Agona_SL483,PPI
SeAg_B2753,SeAg_B2753,B5F1G9,SeAg_B0218,pcnB,B5F835,1115,2476,IntAct,Salmonella_enterica_serovar_Agona_SL483,PPI
SeAg_B4403,thiG,B5F1H3,SeAg_B4402,thiH,B5F1H2,1749,2016,IntAct,Salmonella_enterica_serovar_Agona_SL483,PPI
SeAg_B4405,SeAg_B4405,B5F1H5,SeAg_B0660,citX,B5EYL0,1509,4037,Lit_Ecoli_IntAct,Salmonella_enterica_serovar_Agona_SL483,PPI
SeAg_B4405,SeAg_B4405,B5F1H5,SeAg_B4404,thiS,B5F1H4,1509,1494,IntAct_Interactome3d,Salmonella_enterica_serovar_Agona_SL483,PPI
SeAg_B4405,SeAg_B4405,B5F1H5,SeAg_B4734,nrdD,B5F437,1509,3575,Lit_Ecoli_IntAct,Salmonella_enterica_serovar_Agona_SL483,PPI
SeAg_B4409,SeAg_B4409,B5F1H8,SeAg_B2576,ptsH,B5F0G0,75,561,Lit_Ecoli_IntAct,Salmonella_enterica_serovar_Agona_SL483,PPI
SeAg_B4414,hupA,B5F1I3,SeAg_B0491,hupB,B5EXJ1,2117,2776,IntAct_Interactome3d,Salmonella_enterica_serovar_Agona_SL483,PPI
SeAg_B4414,hupA,B5F1I3,SeAg_B1294,cspC,B5F3Q5,2117,2817,IntAct,Salmonella_enterica_serovar_Agona_SL483,PPI
SeAg_B4432,aceK,B5F1J4,SeAg_B2313,pbpG,B5EY08,3882,3345,Lit_Ecoli_IntAct,Salmonella_enterica_serovar_Agona_SL483,PPI
SeAg_B4432,aceK,B5F1J4,SeAg_B2401,SeAg_B2401,B5EYV1,3882,2884,Lit_Ecoli_IntAct,Salmonella_enterica_serovar_Agona_SL483,PPI
SeAg_B4432,aceK,B5F1J4,SeAg_B0830,bioB,B5F072,3882,1192,Lit_Ecoli_IntAct,Salmonella_enterica_serovar_Agona_SL483,PPI
SeAg_B4432,aceK,B5F1J4,SeAg_B1332,SeAg_B1332,B5F4E6,3882,2961,Lit_Ecoli_IntAct,Salmonella_enterica_serovar_Agona_SL483,PPI
SeAg_B4432,aceK,B5F1J4,SeAg_B3411,SeAg_B3411,B5F6C0,3882,3259,Lit_Ecoli_IntAct,Salmonella_enterica_serovar_Agona_SL483,PPI
SeAg_B4432,aceK,B5F1J4,SeAg_B1946,icd,B5F8B5,3882,158,Lit_Ecoli_IntAct_Interactome3d,Salmonella_enterica_serovar_Agona_SL483,PPI
SeAg_B4484,malG,B5F1P6,SeAg_B4485,malF,B5F1P7,876,389,Interactome3d,Salmonella_enterica_serovar_Agona_SL483,PPI
SeAg_B4484,malG,B5F1P6,SeAg_B4486,malE,B5F1P8,876,189,IntAct_Interactome3d,Salmonella_enterica_serovar_Agona_SL483,PPI
SeAg_B4485,malF,B5F1P7,SeAg_B4486,malE,B5F1P8,389,189,IntAct_Interactome3d,Salmonella_enterica_serovar_Agona_SL483,PPI
SeAg_B4486,malE,B5F1P8,SeAg_B0014,dnaJ,B5F6Y9,189,1436,IntAct,Salmonella_enterica_serovar_Agona_SL483,PPI
SeAg_B4492,SeAg_B4492,B5F1Q4,SeAg_B1990,acpP,B5F911,1267,883,IntAct,Salmonella_enterica_serovar_Agona_SL483,PPI
SeAg_B4494,lexA,B5F1Q6,SeAg_B4291,SeAg_B4291,B5F0M9,2732,3396,Lit_Ecoli_IntAct,Salmonella_enterica_serovar_Agona_SL483,PPI
SeAg_B4494,lexA,B5F1Q6,SeAg_B4292,SeAg_B4292,B5F0N0,2732,1476,Lit_Ecoli_IntAct,Salmonella_enterica_serovar_Agona_SL483,PPI
SeAg_B4503,dnaB,B5F1R4,SeAg_B1704,tus,B5F6H7,1004,1543,IntAct,Salmonella_enterica_serovar_Agona_SL483,PPI
SeAg_B0996,SeAg_B0996,B5F1S2,SeAg_B4090,atpD,B5EYZ6,536,2818,Lit_Ecoli_IntAct,Salmonella_enterica_serovar_Agona_SL483,PPI
SeAg_B0996,SeAg_B0996,B5F1S2,SeAg_B2782,SeAg_B2782,B5F250,536,1273,Lit_Ecoli_IntAct,Salmonella_enterica_serovar_Agona_SL483,PPI
SeAg_B0996,SeAg_B0996,B5F1S2,SeAg_B2849,SeAg_B2849,B5F2B2,536,1273,Lit_Ecoli_IntAct,Salmonella_enterica_serovar_Agona_SL483,PPI
SeAg_B0999,mukE,B5F1S5,SeAg_B0998,mukF,B5F1S4,171,513,IntAct_Interactome3d,Salmonella_enterica_serovar_Agona_SL483,PPI
SeAg_B0999,mukE,B5F1S5,SeAg_B3577,SeAg_B3577,B5F7P6,171,2370,Lit_Ecoli_IntAct,Salmonella_enterica_serovar_Agona_SL483,PPI
SeAg_B1000,mukB,B5F1S6,SeAg_B0998,mukF,B5F1S4,641,513,IntAct_Interactome3d,Salmonella_enterica_serovar_Agona_SL483,PPI
SeAg_B1000,mukB,B5F1S6,SeAg_B0999,mukE,B5F1S5,641,171,IntAct_Interactome3d,Salmonella_enterica_serovar_Agona_SL483,PPI
SeAg_B1000,mukB,B5F1S6,SeAg_B3355,parC,B5F667,641,3879,IntAct_Interactome3d,Salmonella_enterica_serovar_Agona_SL483,PPI
SeAg_B1000,mukB,B5F1S6,SeAg_B1990,acpP,B5F911,641,883,IntAct,Salmonella_enterica_serovar_Agona_SL483,PPI
SeAg_B1003,SeAg_B1003,B5F1S9,SeAg_B3782,SeAg_B3782,B5F9E2,484,1265,Lit_Ecoli_IntAct,Salmonella_enterica_serovar_Agona_SL483,PPI
SeAg_B1006,SeAg_B1006,B5F1T2,SeAg_B4142,trxA,B5EZ41,2449,3171,IntAct,Salmonella_enterica_serovar_Agona_SL483,PPI
SeAg_B1006,SeAg_B1006,B5F1T2,SeAg_B0248,degP,B5F8S3,2449,1158,IntAct,Salmonella_enterica_serovar_Agona_SL483,PPI
SeAg_B1016,pyrD,B5F1U2,SeAg_B4092,atpA,B5EYZ8,900,2601,IntAct,Salmonella_enterica_serovar_Agona_SL483,PPI
SeAg_B1017,SeAg_B1017,B5F1U3,SeAg_B0518,acrR,B5EXL7,804,64,Lit_Ecoli_IntAct,Salmonella_enterica_serovar_Agona_SL483,PPI
SeAg_B1017,SeAg_B1017,B5F1U3,SeAg_B0532,htpG,B5EXM9,804,3276,Lit_Ecoli_IntAct,Salmonella_enterica_serovar_Agona_SL483,PPI
SeAg_B1017,SeAg_B1017,B5F1U3,SeAg_B0636,entB,B5EYI8,804,3159,Lit_Ecoli_IntAct,Salmonella_enterica_serovar_Agona_SL483,PPI
SeAg_B1017,SeAg_B1017,B5F1U3,SeAg_B0643,SeAg_B0643,B5EYJ5,804,3654,Lit_Ecoli_IntAct,Salmonella_enterica_serovar_Agona_SL483,PPI
SeAg_B1017,SeAg_B1017,B5F1U3,SeAg_B2649,ppk,B5F177,804,143,Lit_Ecoli_IntAct,Salmonella_enterica_serovar_Agona_SL483,PPI
SeAg_B1017,SeAg_B1017,B5F1U3,SeAg_B4624,SeAg_B4624,B5F2M4,804,4339,Lit_Ecoli_IntAct,Salmonella_enterica_serovar_Agona_SL483,PPI
SeAg_B1017,SeAg_B1017,B5F1U3,SeAg_B2962,hypF,B5F366,804,814,Lit_Ecoli_IntAct,Salmonella_enterica_serovar_Agona_SL483,PPI
SeAg_B1017,SeAg_B1017,B5F1U3,SeAg_B3162,SeAg_B3162,B5F4V7,804,2283,Lit_Ecoli_IntAct,Salmonella_enterica_serovar_Agona_SL483,PPI
SeAg_B1017,SeAg_B1017,B5F1U3,SeAg_B3258,gshB,B5F5M0,804,757,Lit_Ecoli_IntAct,Salmonella_enterica_serovar_Agona_SL483,PPI
SeAg_B1017,SeAg_B1017,B5F1U3,SeAg_B3580,SeAg_B3580,B5F7P9,804,64,Lit_Ecoli_IntAct,Salmonella_enterica_serovar_Agona_SL483,PPI
SeAg_B1017,SeAg_B1017,B5F1U3,SeAg_B0150,ftsZ,B5F7W9,804,1789,IntAct,Salmonella_enterica_serovar_Agona_SL483,PPI
SeAg_B1017,SeAg_B1017,B5F1U3,SeAg_B3663,crp,B5F8H8,804,2484,Lit_Ecoli_IntAct,Salmonella_enterica_serovar_Agona_SL483,PPI
SeAg_B1018,SeAg_B1018,B5F1U4,SeAg_B0784,tolB,B5F031,1639,2481,Lit_Ecoli_IntAct,Salmonella_enterica_serovar_Agona_SL483,PPI
SeAg_B1018,SeAg_B1018,B5F1U4,SeAg_B3078,cysJ,B5F431,1639,548,Lit_Ecoli_IntAct,Salmonella_enterica_serovar_Agona_SL483,PPI
SeAg_B1023,SeAg_B1023,B5F1U9,SeAg_B0518,acrR,B5EXL7,241,64,Lit_Ecoli_IntAct,Salmonella_enterica_serovar_Agona_SL483,PPI
SeAg_B1023,SeAg_B1023,B5F1U9,SeAg_B2361,SeAg_B2361,B5EYR4,241,3710,Lit_Ecoli_IntAct,Salmonella_enterica_serovar_Agona_SL483,PPI
SeAg_B1023,SeAg_B1023,B5F1U9,SeAg_B4886,SeAg_B4886,B5F521,241,358,Lit_Ecoli_IntAct,Salmonella_enterica_serovar_Agona_SL483,PPI
SeAg_B1023,SeAg_B1023,B5F1U9,SeAg_B3580,SeAg_B3580,B5F7P9,241,64,Lit_Ecoli_IntAct,Salmonella_enterica_serovar_Agona_SL483,PPI
SeAg_B1025,fabA,B5F1V1,SeAg_B4142,trxA,B5EZ41,1132,3171,IntAct,Salmonella_enterica_serovar_Agona_SL483,PPI
SeAg_B1025,fabA,B5F1V1,SeAg_B1285,proQ,B5F3P7,1132,2695,Lit_Ecoli_IntAct,Salmonella_enterica_serovar_Agona_SL483,PPI
SeAg_B1027,SeAg_B1027,B5F1V3,SeAg_B0697,SeAg_B0697,B5EZ95,2375,2857,Lit_Ecoli_IntAct,Salmonella_enterica_serovar_Agona_SL483,PPI
SeAg_B1027,SeAg_B1027,B5F1V3,SeAg_B0834,uvrB,B5F076,2375,1831,Lit_Ecoli_IntAct,Salmonella_enterica_serovar_Agona_SL483,PPI
SeAg_B1027,SeAg_B1027,B5F1V3,SeAg_B2742,era,B5F1G0,2375,227,Lit_Ecoli_IntAct,Salmonella_enterica_serovar_Agona_SL483,PPI
SeAg_B1027,SeAg_B1027,B5F1V3,SeAg_B1381,SeAg_B1381,B5F4J4,2375,2857,Lit_Ecoli_IntAct,Salmonella_enterica_serovar_Agona_SL483,PPI
SeAg_B1027,SeAg_B1027,B5F1V3,SeAg_B3162,SeAg_B3162,B5F4V7,2375,2283,Lit_Ecoli_IntAct,Salmonella_enterica_serovar_Agona_SL483,PPI
SeAg_B1027,SeAg_B1027,B5F1V3,SeAg_B3663,crp,B5F8H8,2375,2484,Lit_Ecoli_IntAct,Salmonella_enterica_serovar_Agona_SL483,PPI
SeAg_B1028,ompA,B5F1V4,SeAg_B0785,pal,B5F032,859,3222,IntAct,Salmonella_enterica_serovar_Agona_SL483,PPI
SeAg_B1030,SeAg_B1030,B5F1V6,SeAg_B1963,npdA,B5F8D2,852,2636,Lit_Ecoli_IntAct,Salmonella_enterica_serovar_Agona_SL483,PPI
SeAg_B1033,helD,B5F1V9,SeAg_B4167,cyaA,B5EZ61,2731,331,Lit_Ecoli_IntAct,Salmonella_enterica_serovar_Agona_SL483,PPI
SeAg_B1035,SeAg_B1035,B5F1W1,SeAg_B1729,SeAg_B1729,B5F6K2,316,2228,Lit_Ecoli_IntAct,Salmonella_enterica_serovar_Agona_SL483,PPI
SeAg_B1041,SeAg_B1041,B5F1W6,SeAg_B1317,minE,B5F3S6,1255,1324,Lit_Ecoli_IntAct,Salmonella_enterica_serovar_Agona_SL483,PPI
SeAg_B1042,SeAg_B1042,B5F1W7,SeAg_B0834,uvrB,B5F076,2312,1831,Lit_Ecoli_IntAct,Salmonella_enterica_serovar_Agona_SL483,PPI
SeAg_B1042,SeAg_B1042,B5F1W7,SeAg_B1950,mnmA,B5F8B9,2312,1667,IntAct,Salmonella_enterica_serovar_Agona_SL483,PPI
SeAg_B1068,SeAg_B1068,B5F1Z2,SeAg_B2721,SeAg_B2721,B5F1E2,2711,2537,Lit_Ecoli_IntAct,Salmonella_enterica_serovar_Agona_SL483,PPI
SeAg_B1070,SeAg_B1070,B5F1Z4,SeAg_B1071,SeAg_B1071,B5F1Z5,2431,2080,Interactome3d,Salmonella_enterica_serovar_Agona_SL483,PPI
SeAg_B1081,SeAg_B1081,B5F205,SeAg_B2742,era,B5F1G0,3498,227,Lit_Ecoli_IntAct,Salmonella_enterica_serovar_Agona_SL483,PPI
SeAg_B1081,SeAg_B1081,B5F205,SeAg_B0994,kdsB,B5F1S0,3498,2396,Lit_Ecoli_IntAct,Salmonella_enterica_serovar_Agona_SL483,PPI
SeAg_B1081,SeAg_B1081,B5F205,SeAg_B1545,SeAg_B1545,B5F5R4,3498,1079,Lit_Ecoli_IntAct,Salmonella_enterica_serovar_Agona_SL483,PPI
SeAg_B1085,putP,B5F208,SeAg_B2412,ubiG,B5EYW1,604,1095,Lit_Ecoli_IntAct,Salmonella_enterica_serovar_Agona_SL483,PPI
SeAg_B1085,putP,B5F208,SeAg_B4324,SeAg_B4324,B5F0Q9,604,1405,Lit_Ecoli_IntAct,Salmonella_enterica_serovar_Agona_SL483,PPI
SeAg_B2759,SeAg_B2759,B5F230,SeAg_B3150,ptsP,B5F4U7,2524,3085,Lit_Ecoli_IntAct,Salmonella_enterica_serovar_Agona_SL483,PPI
SeAg_B2761,SeAg_B2761,B5F232,SeAg_B0757,SeAg_B0757,B5EZE7,133,3134,Lit_Ecoli_IntAct,Salmonella_enterica_serovar_Agona_SL483,PPI
SeAg_B2772,clpB,B5F240,SeAg_B0472,SeAg_B0472,B5EXH3,2097,1011,Biogrid,Salmonella_enterica_serovar_Agona_SL483,PPI
SeAg_B2772,clpB,B5F240,SeAg_B0489,clpX,B5EXI9,2097,1462,IntAct_Interactome3d,Salmonella_enterica_serovar_Agona_SL483,PPI
SeAg_B2772,clpB,B5F240,SeAg_B0987,rpsA,B5F164,2097,228,IntAct,Salmonella_enterica_serovar_Agona_SL483,PPI
SeAg_B2772,clpB,B5F240,SeAg_B2828,grpE,B5F294,2097,2344,IntAct_Biogrid,Salmonella_enterica_serovar_Agona_SL483,PPI
SeAg_B2772,clpB,B5F240,SeAg_B1238,zwf,B5F3K5,2097,452,IntAct,Salmonella_enterica_serovar_Agona_SL483,PPI
SeAg_B2772,clpB,B5F240,SeAg_B1671,SeAg_B1671,B5F6E4,2097,623,Lit_Ecoli_IntAct,Salmonella_enterica_serovar_Agona_SL483,PPI
SeAg_B2772,clpB,B5F240,SeAg_B0013,dnaK,B5F6Y8,2097,2512,IntAct_Biogrid,Salmonella_enterica_serovar_Agona_SL483,PPI
SeAg_B2772,clpB,B5F240,SeAg_B0014,dnaJ,B5F6Y9,2097,1436,IntAct,Salmonella_enterica_serovar_Agona_SL483,PPI
SeAg_B2776,SeAg_B2776,B5F244,SeAg_B0259,frr,B5F8T3,1038,424,Lit_Ecoli_IntAct,Salmonella_enterica_serovar_Agona_SL483,PPI
SeAg_B2782,SeAg_B2782,B5F250,SeAg_B0426,SeAg_B0426,B5EWS1,1273,230,Lit_Ecoli_IntAct,Salmonella_enterica_serovar_Agona_SL483,PPI
SeAg_B2782,SeAg_B2782,B5F250,SeAg_B0672,SeAg_B0672,B5EZ70,1273,727,Lit_Ecoli_IntAct,Salmonella_enterica_serovar_Agona_SL483,PPI
SeAg_B2782,SeAg_B2782,B5F250,SeAg_B0812,galE,B5F054,1273,3536,Lit_Ecoli_IntAct,Salmonella_enterica_serovar_Agona_SL483,PPI
SeAg_B2814,aroF,B5F282,SeAg_B3185,SeAg_B3185,B5F4X8,92,4451,Lit_Ecoli_IntAct,Salmonella_enterica_serovar_Agona_SL483,PPI
SeAg_B2820,rimM,B5F288,SeAg_B1285,proQ,B5F3P7,2812,2695,Lit_Ecoli_IntAct,Salmonella_enterica_serovar_Agona_SL483,PPI
SeAg_B2820,rimM,B5F288,SeAg_B3216,ubiH,B5F5I3,2812,2666,Lit_Ecoli_IntAct,Salmonella_enterica_serovar_Agona_SL483,PPI
SeAg_B2820,rimM,B5F288,SeAg_B0132,ilvB,B5F7V1,2812,3747,Lit_Ecoli_IntAct,Salmonella_enterica_serovar_Agona_SL483,PPI
SeAg_B2823,ffh,B5F291,SeAg_B4142,trxA,B5EZ41,1841,3171,IntAct,Salmonella_enterica_serovar_Agona_SL483,PPI
SeAg_B2823,ffh,B5F291,SeAg_B3625,rplX,B5F7T4,1841,122,Interactome3d,Salmonella_enterica_serovar_Agona_SL483,PPI
SeAg_B2823,ffh,B5F291,SeAg_B3628,rpmC,B5F7T7,1841,1171,Interactome3d,Salmonella_enterica_serovar_Agona_SL483,PPI
SeAg_B2823,ffh,B5F291,SeAg_B3634,rplW,B5F8F0,1841,1460,Interactome3d,Salmonella_enterica_serovar_Agona_SL483,PPI
SeAg_B2823,ffh,B5F291,SeAg_B3773,SeAg_B3773,B5F9D3,1841,827,Lit_Ecoli_IntAct_Interactome3d,Salmonella_enterica_serovar_Agona_SL483,PPI
SeAg_B2825,SeAg_B2825,B5F292,SeAg_B1965,lolE,B5F8D4,716,190,Lit_Ecoli_IntAct,Salmonella_enterica_serovar_Agona_SL483,PPI
SeAg_B2830,SeAg_B2830,B5F297,SeAg_B2775,SeAg_B2775,B5F243,2338,2793,IntAct_Biogrid,Salmonella_enterica_serovar_Agona_SL483,PPI
SeAg_B2849,SeAg_B2849,B5F2B2,SeAg_B0426,SeAg_B0426,B5EWS1,1273,230,Lit_Ecoli_IntAct,Salmonella_enterica_serovar_Agona_SL483,PPI
SeAg_B2849,SeAg_B2849,B5F2B2,SeAg_B0672,SeAg_B0672,B5EZ70,1273,727,Lit_Ecoli_IntAct,Salmonella_enterica_serovar_Agona_SL483,PPI
SeAg_B2849,SeAg_B2849,B5F2B2,SeAg_B0812,galE,B5F054,1273,3536,Lit_Ecoli_IntAct,Salmonella_enterica_serovar_Agona_SL483,PPI
SeAg_B4512,ssb,B5F2C9,SeAg_B2757,ung,B5F228,1835,3638,IntAct_Interactome3d,Salmonella_enterica_serovar_Agona_SL483,PPI
SeAg_B4512,ssb,B5F2C9,SeAg_B4762,holC,B5F464,1835,156,IntAct,Salmonella_enterica_serovar_Agona_SL483,PPI
SeAg_B4512,ssb,B5F2C9,SeAg_B0272,dnaE,B5F8U5,1835,587,IntAct,Salmonella_enterica_serovar_Agona_SL483,PPI
SeAg_B4524,SeAg_B4524,B5F2E0,SeAg_B4685,SeAg_B4685,B5F3D2,451,2696,Lit_Ecoli_IntAct,Salmonella_enterica_serovar_Agona_SL483,PPI
SeAg_B4555,SeAg_B4555,B5F2G9,SeAg_B2572,zipA,B5F0F6,261,1784,IntAct,Salmonella_enterica_serovar_Agona_SL483,PPI
SeAg_B4561,SeAg_B4561,B5F2H4,SeAg_B4102,mioC,B5EZ08,1492,2103,Lit_Ecoli_IntAct,Salmonella_enterica_serovar_Agona_SL483,PPI
SeAg_B4561,SeAg_B4561,B5F2H4,SeAg_B0741,fldA,B5EZD1,1492,564,Lit_Ecoli_IntAct,Salmonella_enterica_serovar_Agona_SL483,PPI
SeAg_B4561,SeAg_B4561,B5F2H4,SeAg_B0834,uvrB,B5F076,1492,1831,Lit_Ecoli_IntAct,Salmonella_enterica_serovar_Agona_SL483,PPI
SeAg_B4566,SeAg_B4566,B5F2H9,SeAg_B3163,lysA,B5F4V8,4086,2791,Lit_Ecoli_IntAct,Salmonella_enterica_serovar_Agona_SL483,PPI
SeAg_B4567,SeAg_B4567,B5F2I0,SeAg_B0666,SeAg_B0666,B5EYL6,4162,2161,IntAct_Interactome3d,Salmonella_enterica_serovar_Agona_SL483,PPI
SeAg_B4567,SeAg_B4567,B5F2I0,SeAg_B4566,SeAg_B4566,B5F2H9,4162,4086,IntAct_Interactome3d,Salmonella_enterica_serovar_Agona_SL483,PPI
SeAg_B4567,SeAg_B4567,B5F2I0,SeAg_B0060,SeAg_B0060,B5F733,4162,2161,IntAct_Interactome3d,Salmonella_enterica_serovar_Agona_SL483,PPI
SeAg_B4607,groES,B5F2K9,SeAg_B4486,malE,B5F1P8,1967,189,IntAct,Salmonella_enterica_serovar_Agona_SL483,PPI
SeAg_B4608,groEL,B5F2L0,SeAg_B0347,SeAg_B0347,B5EWJ6,1880,1616,IntAct,Salmonella_enterica_serovar_Agona_SL483,PPI
SeAg_B4608,groEL,B5F2L0,SeAg_B0653,SeAg_B0653,B5EYK4,1880,466,IntAct,Salmonella_enterica_serovar_Agona_SL483,PPI
SeAg_B4608,groEL,B5F2L0,SeAg_B4486,malE,B5F1P8,1880,189,IntAct,Salmonella_enterica_serovar_Agona_SL483,PPI
SeAg_B4608,groEL,B5F2L0,SeAg_B2828,grpE,B5F294,1880,2344,Lit_Ecoli_IntAct,Salmonella_enterica_serovar_Agona_SL483,PPI
SeAg_B4608,groEL,B5F2L0,SeAg_B4607,groES,B5F2K9,1880,1967,IntAct_Interactome3d,Salmonella_enterica_serovar_Agona_SL483,PPI
SeAg_B4608,groEL,B5F2L0,SeAg_B2970,hycE,B5F374,1880,126,IntAct,Salmonella_enterica_serovar_Agona_SL483,PPI
SeAg_B4608,groEL,B5F2L0,SeAg_B3443,gatY,B5F6Q9,1880,1879,IntAct,Salmonella_enterica_serovar_Agona_SL483,PPI
SeAg_B4608,groEL,B5F2L0,SeAg_B1826,aroH,B5F7E8,1880,3673,Lit_Ecoli_IntAct,Salmonella_enterica_serovar_Agona_SL483,PPI
SeAg_B4608,groEL,B5F2L0,SeAg_B3550,mdh,B5F7L9,1880,109,IntAct,Salmonella_enterica_serovar_Agona_SL483,PPI
SeAg_B4608,groEL,B5F2L0,SeAg_B3813,SeAg_B3813,B5F9H3,1880,3599,Lit_Ecoli_IntAct,Salmonella_enterica_serovar_Agona_SL483,PPI
SeAg_B4610,SeAg_B4610,B5F2L2,SeAg_B2369,SeAg_B2369,B5EYS2,482,3746,Lit_Ecoli_IntAct,Salmonella_enterica_serovar_Agona_SL483,PPI
SeAg_B4611,SeAg_B4611,B5F2L3,SeAg_B3859,SeAg_B3859,B5EX57,2668,1412,IntAct,Salmonella_enterica_serovar_Agona_SL483,PPI
SeAg_B4611,SeAg_B4611,B5F2L3,SeAg_B1142,fliN,B5F2R0,2668,1656,IntAct,Salmonella_enterica_serovar_Agona_SL483,PPI
SeAg_B4611,SeAg_B4611,B5F2L3,SeAg_B1147,fliI,B5F2R5,2668,703,IntAct,Salmonella_enterica_serovar_Agona_SL483,PPI
SeAg_B4611,SeAg_B4611,B5F2L3,SeAg_B1158,SeAg_B1158,B5F2S6,2668,3288,IntAct,Salmonella_enterica_serovar_Agona_SL483,PPI
SeAg_B4611,SeAg_B4611,B5F2L3,SeAg_B1159,fliS,B5F2S7,2668,796,IntAct,Salmonella_enterica_serovar_Agona_SL483,PPI
SeAg_B4611,SeAg_B4611,B5F2L3,SeAg_B1164,fliA,B5F2T2,2668,678,IntAct,Salmonella_enterica_serovar_Agona_SL483,PPI
SeAg_B4611,SeAg_B4611,B5F2L3,SeAg_B1204,cheR,B5F2W7,2668,692,Lit_Ecoli_IntAct,Salmonella_enterica_serovar_Agona_SL483,PPI
SeAg_B4611,SeAg_B4611,B5F2L3,SeAg_B1505,nifJ,B5F5C4,2668,3295,IntAct,Salmonella_enterica_serovar_Agona_SL483,PPI
SeAg_B4611,SeAg_B4611,B5F2L3,SeAg_B2016,SeAg_B2016,B5F935,2668,3697,IntAct,Salmonella_enterica_serovar_Agona_SL483,PPI
SeAg_B4612,efp,B5F2L4,SeAg_B4142,trxA,B5EZ41,2151,3171,IntAct,Salmonella_enterica_serovar_Agona_SL483,PPI
SeAg_B4612,efp,B5F2L4,SeAg_B4622,SeAg_B4622,B5F2M2,2151,4168,Interactome3d,Salmonella_enterica_serovar_Agona_SL483,PPI
SeAg_B4618,SeAg_B4618,B5F2L8,SeAg_B4620,frdB,B5F2M0,291,2693,Interactome3d,Salmonella_enterica_serovar_Agona_SL483,PPI
SeAg_B4619,frdC,B5F2L9,SeAg_B4618,SeAg_B4618,B5F2L8,2646,291,Interactome3d,Salmonella_enterica_serovar_Agona_SL483,PPI
SeAg_B4619,frdC,B5F2L9,SeAg_B4620,frdB,B5F2M0,2646,2693,Interactome3d,Salmonella_enterica_serovar_Agona_SL483,PPI
SeAg_B4619,frdC,B5F2L9,SeAg_B4621,frdA,B5F2M1,2646,1770,IntAct_Interactome3d,Salmonella_enterica_serovar_Agona_SL483,PPI
SeAg_B4620,frdB,B5F2M0,SeAg_B1414,SeAg_B1414,B5F4L8,2693,2333,IntAct,Salmonella_enterica_serovar_Agona_SL483,PPI
SeAg_B4621,frdA,B5F2M1,SeAg_B0929,SeAg_B0929,B5F110,1770,1863,IntAct,Salmonella_enterica_serovar_Agona_SL483,PPI
SeAg_B4621,frdA,B5F2M1,SeAg_B4618,SeAg_B4618,B5F2L8,1770,291,IntAct,Salmonella_enterica_serovar_Agona_SL483,PPI
SeAg_B4621,frdA,B5F2M1,SeAg_B4620,frdB,B5F2M0,1770,2693,IntAct_Interactome3d,Salmonella_enterica_serovar_Agona_SL483,PPI
SeAg_B4621,frdA,B5F2M1,SeAg_B1414,SeAg_B1414,B5F4L8,1770,2333,IntAct,Salmonella_enterica_serovar_Agona_SL483,PPI
SeAg_B4624,SeAg_B4624,B5F2M4,SeAg_B3620,rplR,B5F7S9,4339,179,Lit_Ecoli_IntAct,Salmonella_enterica_serovar_Agona_SL483,PPI
SeAg_B1126,SeAg_B1126,B5F2P5,SeAg_B1285,proQ,B5F3P7,1618,2695,Lit_Ecoli_IntAct,Salmonella_enterica_serovar_Agona_SL483,PPI
SeAg_B1126,SeAg_B1126,B5F2P5,SeAg_B1413,SeAg_B1413,B5F4L7,1618,3375,IntAct,Salmonella_enterica_serovar_Agona_SL483,PPI
SeAg_B1126,SeAg_B1126,B5F2P5,SeAg_B0087,SeAg_B0087,B5F759,1618,2000,Lit_Ecoli_IntAct,Salmonella_enterica_serovar_Agona_SL483,PPI
SeAg_B1128,SeAg_B1128,B5F2P7,SeAg_B4637,mutL,B5F385,597,1579,IntAct,Salmonella_enterica_serovar_Agona_SL483,PPI
SeAg_B1128,SeAg_B1128,B5F2P7,SeAg_B0148,ftsQ,B5F7W7,597,398,Lit_Ecoli_IntAct,Salmonella_enterica_serovar_Agona_SL483,PPI
SeAg_B1135,SeAg_B1135,B5F2Q3,SeAg_B1280,SeAg_B1280,B5F3P2,982,3214,Lit_Ecoli_IntAct,Salmonella_enterica_serovar_Agona_SL483,PPI
SeAg_B1135,SeAg_B1135,B5F2Q3,SeAg_B1445,SeAg_B1445,B5F568,982,1261,Lit_Ecoli_IntAct,Salmonella_enterica_serovar_Agona_SL483,PPI
SeAg_B1136,SeAg_B1136,B5F2Q4,SeAg_B2440,SeAg_B2440,B5EZI3,3625,3839,Lit_Ecoli_IntAct,Salmonella_enterica_serovar_Agona_SL483,PPI
SeAg_B1136,SeAg_B1136,B5F2Q4,SeAg_B2010,flgF,B5F929,3625,644,Lit_Ecoli_IntAct,Salmonella_enterica_serovar_Agona_SL483,PPI
SeAg_B1137,rcsA,B5F2Q5,SeAg_B2406,rcsB,B5EYV5,1925,2328,IntAct_Interactome3d,Salmonella_enterica_serovar_Agona_SL483,PPI
SeAg_B1138,fliR,B5F2Q6,SeAg_B1142,fliN,B5F2R0,2349,1656,IntAct,Salmonella_enterica_serovar_Agona_SL483,PPI
SeAg_B1138,fliR,B5F2Q6,SeAg_B2006,flgJ,B5F925,2349,2165,IntAct,Salmonella_enterica_serovar_Agona_SL483,PPI
SeAg_B1142,fliN,B5F2R0,SeAg_B3051,pcm,B5F407,1656,1838,IntAct,Salmonella_enterica_serovar_Agona_SL483,PPI
SeAg_B1142,fliN,B5F2R0,SeAg_B3471,rpsO,B5F6T5,1656,3587,IntAct,Salmonella_enterica_serovar_Agona_SL483,PPI
SeAg_B1143,fliM,B5F2R1,SeAg_B2520,SeAg_B2520,B5EZR2,1344,1390,Lit_Ecoli_IntAct,Salmonella_enterica_serovar_Agona_SL483,PPI
SeAg_B1143,fliM,B5F2R1,SeAg_B4611,SeAg_B4611,B5F2L3,1344,2668,IntAct,Salmonella_enterica_serovar_Agona_SL483,PPI
SeAg_B1143,fliM,B5F2R1,SeAg_B1142,fliN,B5F2R0,1344,1656,Lit_Ecoli_IntAct_Interactome3d,Salmonella_enterica_serovar_Agona_SL483,PPI
SeAg_B1143,fliM,B5F2R1,SeAg_B1144,fliL,B5F2R2,1344,540,IntAct,Salmonella_enterica_serovar_Agona_SL483,PPI
SeAg_B1143,fliM,B5F2R1,SeAg_B1149,fliG,B5F2R7,1344,2795,Lit_Ecoli_IntAct_Interactome3d,Salmonella_enterica_serovar_Agona_SL483,PPI
SeAg_B1143,fliM,B5F2R1,SeAg_B1206,cheY,B5F2W9,1344,2383,Interactome3d,Salmonella_enterica_serovar_Agona_SL483,PPI
SeAg_B1143,fliM,B5F2R1,SeAg_B0087,SeAg_B0087,B5F759,1344,2000,Lit_Ecoli_IntAct,Salmonella_enterica_serovar_Agona_SL483,PPI
SeAg_B1143,fliM,B5F2R1,SeAg_B3682,rpe,B5F8J7,1344,3757,IntAct,Salmonella_enterica_serovar_Agona_SL483,PPI
SeAg_B1143,fliM,B5F2R1,SeAg_B2006,flgJ,B5F925,1344,2165,IntAct,Salmonella_enterica_serovar_Agona_SL483,PPI
SeAg_B1143,fliM,B5F2R1,SeAg_B2008,flgH,B5F927,1344,224,IntAct,Salmonella_enterica_serovar_Agona_SL483,PPI
SeAg_B1144,fliL,B5F2R2,SeAg_B1141,SeAg_B1141,B5F2Q9,540,1574,IntAct,Salmonella_enterica_serovar_Agona_SL483,PPI
SeAg_B1145,SeAg_B1145,B5F2R3,SeAg_B4602,cutA,B5F2K4,1271,3606,Lit_Ecoli_IntAct,Salmonella_enterica_serovar_Agona_SL483,PPI
SeAg_B1145,SeAg_B1145,B5F2R3,SeAg_B1530,SeAg_B1530,B5F5E8,1271,3871,Lit_Ecoli_IntAct,Salmonella_enterica_serovar_Agona_SL483,PPI
SeAg_B1145,SeAg_B1145,B5F2R3,SeAg_B3706,feoA,B5F8M1,1271,2918,Lit_Ecoli_IntAct,Salmonella_enterica_serovar_Agona_SL483,PPI
SeAg_B1146,fliJ,B5F2R4,SeAg_B1158,SeAg_B1158,B5F2S6,3031,3288,IntAct,Salmonella_enterica_serovar_Agona_SL483,PPI
SeAg_B1146,fliJ,B5F2R4,SeAg_B3717,malT,B5F8N2,3031,1035,Lit_Ecoli_IntAct,Salmonella_enterica_serovar_Agona_SL483,PPI
SeAg_B1147,fliI,B5F2R5,SeAg_B1142,fliN,B5F2R0,703,1656,Lit_Ecoli_IntAct,Salmonella_enterica_serovar_Agona_SL483,PPI
SeAg_B1147,fliI,B5F2R5,SeAg_B1149,fliG,B5F2R7,703,2795,IntAct,Salmonella_enterica_serovar_Agona_SL483,PPI
SeAg_B1147,fliI,B5F2R5,SeAg_B1158,SeAg_B1158,B5F2S6,703,3288,IntAct,Salmonella_enterica_serovar_Agona_SL483,PPI
SeAg_B1147,fliI,B5F2R5,SeAg_B1159,fliS,B5F2S7,703,796,IntAct,Salmonella_enterica_serovar_Agona_SL483,PPI
SeAg_B1147,fliI,B5F2R5,SeAg_B1164,fliA,B5F2T2,703,678,IntAct,Salmonella_enterica_serovar_Agona_SL483,PPI
SeAg_B1147,fliI,B5F2R5,SeAg_B1196,flhD,B5F2V9,703,1977,IntAct,Salmonella_enterica_serovar_Agona_SL483,PPI
SeAg_B1147,fliI,B5F2R5,SeAg_B1204,cheR,B5F2W7,703,692,Lit_Ecoli_IntAct,Salmonella_enterica_serovar_Agona_SL483,PPI
SeAg_B1147,fliI,B5F2R5,SeAg_B3252,metK,B5F5L4,703,93,IntAct,Salmonella_enterica_serovar_Agona_SL483,PPI
SeAg_B1147,fliI,B5F2R5,SeAg_B3682,rpe,B5F8J7,703,3757,IntAct,Salmonella_enterica_serovar_Agona_SL483,PPI
SeAg_B1147,fliI,B5F2R5,SeAg_B0283,proS,B5F8V6,703,357,IntAct,Salmonella_enterica_serovar_Agona_SL483,PPI
SeAg_B1147,fliI,B5F2R5,SeAg_B2004,flgL,B5F923,703,292,IntAct,Salmonella_enterica_serovar_Agona_SL483,PPI
SeAg_B1147,fliI,B5F2R5,SeAg_B2006,flgJ,B5F925,703,2165,IntAct,Salmonella_enterica_serovar_Agona_SL483,PPI
SeAg_B1148,fliH,B5F2R6,SeAg_B1432,topA,B5F4N5,3533,420,IntAct,Salmonella_enterica_serovar_Agona_SL483,PPI
SeAg_B1149,fliG,B5F2R7,SeAg_B2408,gyrA,B5EYV7,2795,3730,IntAct,Salmonella_enterica_serovar_Agona_SL483,PPI
SeAg_B1149,fliG,B5F2R7,SeAg_B1019,rlmL,B5F1U5,2795,3219,Lit_Ecoli_IntAct,Salmonella_enterica_serovar_Agona_SL483,PPI
SeAg_B1149,fliG,B5F2R7,SeAg_B1150,fliF,B5F2R8,2795,1571,Lit_Ecoli_IntAct,Salmonella_enterica_serovar_Agona_SL483,PPI
SeAg_B1149,fliG,B5F2R7,SeAg_B1208,flhB,B5F2X1,2795,1220,IntAct,Salmonella_enterica_serovar_Agona_SL483,PPI
SeAg_B1149,fliG,B5F2R7,SeAg_B3162,SeAg_B3162,B5F4V7,2795,2283,Lit_Ecoli_IntAct,Salmonella_enterica_serovar_Agona_SL483,PPI
SeAg_B1149,fliG,B5F2R7,SeAg_B1752,SeAg_B1752,B5F6M3,2795,1220,IntAct,Salmonella_enterica_serovar_Agona_SL483,PPI
SeAg_B1149,fliG,B5F2R7,SeAg_B0283,proS,B5F8V6,2795,357,IntAct,Salmonella_enterica_serovar_Agona_SL483,PPI
SeAg_B1152,fliE,B5F2S0,SeAg_B1207,SeAg_B1207,B5F2X0,633,1114,IntAct,Salmonella_enterica_serovar_Agona_SL483,PPI
SeAg_B1152,fliE,B5F2S0,SeAg_B1208,flhB,B5F2X1,633,1220,IntAct,Salmonella_enterica_serovar_Agona_SL483,PPI
SeAg_B1152,fliE,B5F2S0,SeAg_B1752,SeAg_B1752,B5F6M3,633,1220,IntAct,Salmonella_enterica_serovar_Agona_SL483,PPI
SeAg_B1156,SeAg_B1156,B5F2S4,SeAg_B0830,bioB,B5F072,2929,1192,Lit_Ecoli_IntAct,Salmonella_enterica_serovar_Agona_SL483,PPI
SeAg_B1156,SeAg_B1156,B5F2S4,SeAg_B4871,SeAg_B4871,B5F509,2929,1758,Lit_Ecoli_IntAct,Salmonella_enterica_serovar_Agona_SL483,PPI
SeAg_B1158,SeAg_B1158,B5F2S6,SeAg_B2261,baeR,B5EXW1,3288,46,Lit_Ecoli_IntAct,Salmonella_enterica_serovar_Agona_SL483,PPI
SeAg_B1158,SeAg_B1158,B5F2S6,SeAg_B0643,SeAg_B0643,B5EYJ5,3288,3654,Lit_Ecoli_IntAct,Salmonella_enterica_serovar_Agona_SL483,PPI
SeAg_B1158,SeAg_B1158,B5F2S6,SeAg_B1159,fliS,B5F2S7,3288,796,IntAct,Salmonella_enterica_serovar_Agona_SL483,PPI
SeAg_B1158,SeAg_B1158,B5F2S6,SeAg_B1161,fliD,B5F2S8,3288,1175,Lit_Ecoli_IntAct,Salmonella_enterica_serovar_Agona_SL483,PPI
SeAg_B1158,SeAg_B1158,B5F2S6,SeAg_B1196,flhD,B5F2V9,3288,1977,IntAct,Salmonella_enterica_serovar_Agona_SL483,PPI
SeAg_B1158,SeAg_B1158,B5F2S6,SeAg_B1200,SeAg_B1200,B5F2W3,3288,1259,IntAct,Salmonella_enterica_serovar_Agona_SL483,PPI
SeAg_B1158,SeAg_B1158,B5F2S6,SeAg_B2006,flgJ,B5F925,3288,2165,IntAct,Salmonella_enterica_serovar_Agona_SL483,PPI
SeAg_B1158,SeAg_B1158,B5F2S6,SeAg_B2016,SeAg_B2016,B5F935,3288,3697,IntAct,Salmonella_enterica_serovar_Agona_SL483,PPI
SeAg_B1159,fliS,B5F2S7,SeAg_B2408,gyrA,B5EYV7,796,3730,IntAct,Salmonella_enterica_serovar_Agona_SL483,PPI
SeAg_B1159,fliS,B5F2S7,SeAg_B1161,fliD,B5F2S8,796,1175,IntAct,Salmonella_enterica_serovar_Agona_SL483,PPI
SeAg_B1159,fliS,B5F2S7,SeAg_B2006,flgJ,B5F925,796,2165,IntAct,Salmonella_enterica_serovar_Agona_SL483,PPI
SeAg_B1164,fliA,B5F2T2,SeAg_B1853,katE,B5F7H5,678,464,Lit_Ecoli_IntAct,Salmonella_enterica_serovar_Agona_SL483,PPI
SeAg_B1164,fliA,B5F2T2,SeAg_B0283,proS,B5F8V6,678,357,IntAct,Salmonella_enterica_serovar_Agona_SL483,PPI
SeAg_B1164,fliA,B5F2T2,SeAg_B2013,flgC,B5F932,678,1694,IntAct,Salmonella_enterica_serovar_Agona_SL483,PPI
SeAg_B1164,fliA,B5F2T2,SeAg_B2017,SeAg_B2017,B5F936,678,2389,IntAct,Salmonella_enterica_serovar_Agona_SL483,PPI
SeAg_B1173,uvrY,B5F2U0,SeAg_B0595,SeAg_B0595,B5EYE9,1249,511,IntAct_Interactome3d,Salmonella_enterica_serovar_Agona_SL483,PPI
SeAg_B1189,SeAg_B1189,B5F2V3,SeAg_B0259,frr,B5F8T3,1165,424,Lit_Ecoli_IntAct,Salmonella_enterica_serovar_Agona_SL483,PPI
SeAg_B1194,SeAg_B1194,B5F2V7,SeAg_B0689,holA,B5EZ87,2493,298,Lit_Ecoli_IntAct,Salmonella_enterica_serovar_Agona_SL483,PPI
SeAg_B1194,SeAg_B1194,B5F2V7,SeAg_B2962,hypF,B5F366,2493,814,Lit_Ecoli_IntAct,Salmonella_enterica_serovar_Agona_SL483,PPI
SeAg_B1196,flhD,B5F2V9,SeAg_B1149,fliG,B5F2R7,1977,2795,IntAct,Salmonella_enterica_serovar_Agona_SL483,PPI
SeAg_B1196,flhD,B5F2V9,SeAg_B1164,fliA,B5F2T2,1977,678,IntAct,Salmonella_enterica_serovar_Agona_SL483,PPI
SeAg_B1196,flhD,B5F2V9,SeAg_B1204,cheR,B5F2W7,1977,692,IntAct,Salmonella_enterica_serovar_Agona_SL483,PPI
SeAg_B1196,flhD,B5F2V9,SeAg_B1210,SeAg_B1210,B5F2X3,1977,758,IntAct,Salmonella_enterica_serovar_Agona_SL483,PPI
SeAg_B1196,flhD,B5F2V9,SeAg_B1505,nifJ,B5F5C4,1977,3295,IntAct,Salmonella_enterica_serovar_Agona_SL483,PPI
SeAg_B1197,flhC,B5F2W0,SeAg_B1196,flhD,B5F2V9,4015,1977,Interactome3d,Salmonella_enterica_serovar_Agona_SL483,PPI
SeAg_B1200,SeAg_B1200,B5F2W3,SeAg_B1205,cheB,B5F2W8,1259,1518,IntAct_Interactome3d,Salmonella_enterica_serovar_Agona_SL483,PPI
SeAg_B1200,SeAg_B1200,B5F2W3,SeAg_B1206,cheY,B5F2W9,1259,2383,IntAct_Interactome3d,Salmonella_enterica_serovar_Agona_SL483,PPI
SeAg_B1200,SeAg_B1200,B5F2W3,SeAg_B1207,SeAg_B1207,B5F2X0,1259,1114,IntAct,Salmonella_enterica_serovar_Agona_SL483,PPI
SeAg_B1200,SeAg_B1200,B5F2W3,SeAg_B0283,proS,B5F8V6,1259,357,IntAct,Salmonella_enterica_serovar_Agona_SL483,PPI
SeAg_B1201,SeAg_B1201,B5F2W4,SeAg_B1200,SeAg_B1200,B5F2W3,3859,1259,IntAct_Interactome3d,Salmonella_enterica_serovar_Agona_SL483,PPI
SeAg_B1201,SeAg_B1201,B5F2W4,SeAg_B1203,SeAg_B1203,B5F2W6,3859,1740,Lit_Ecoli_IntAct,Salmonella_enterica_serovar_Agona_SL483,PPI
SeAg_B1201,SeAg_B1201,B5F2W4,SeAg_B2949,SeAg_B2949,B5F353,3859,1866,IntAct,Salmonella_enterica_serovar_Agona_SL483,PPI
SeAg_B1201,SeAg_B1201,B5F2W4,SeAg_B1574,SeAg_B1574,B5F5U3,3859,3684,IntAct,Salmonella_enterica_serovar_Agona_SL483,PPI
SeAg_B1201,SeAg_B1201,B5F2W4,SeAg_B3360,SeAg_B3360,B5F672,3859,3373,IntAct,Salmonella_enterica_serovar_Agona_SL483,PPI
SeAg_B1201,SeAg_B1201,B5F2W4,SeAg_B3577,SeAg_B3577,B5F7P6,3859,2370,Lit_Ecoli_IntAct,Salmonella_enterica_serovar_Agona_SL483,PPI
SeAg_B1203,SeAg_B1203,B5F2W6,SeAg_B4428,metA,B5F1J1,1740,262,IntAct,Salmonella_enterica_serovar_Agona_SL483,PPI
SeAg_B1203,SeAg_B1203,B5F2W6,SeAg_B1200,SeAg_B1200,B5F2W3,1740,1259,IntAct,Salmonella_enterica_serovar_Agona_SL483,PPI
SeAg_B1203,SeAg_B1203,B5F2W6,SeAg_B1205,cheB,B5F2W8,1740,1518,IntAct,Salmonella_enterica_serovar_Agona_SL483,PPI
SeAg_B1203,SeAg_B1203,B5F2W6,SeAg_B1206,cheY,B5F2W9,1740,2383,IntAct,Salmonella_enterica_serovar_Agona_SL483,PPI
SeAg_B1203,SeAg_B1203,B5F2W6,SeAg_B1207,SeAg_B1207,B5F2X0,1740,1114,IntAct,Salmonella_enterica_serovar_Agona_SL483,PPI
SeAg_B1203,SeAg_B1203,B5F2W6,SeAg_B2006,flgJ,B5F925,1740,2165,IntAct,Salmonella_enterica_serovar_Agona_SL483,PPI
SeAg_B1204,cheR,B5F2W7,SeAg_B1142,fliN,B5F2R0,692,1656,IntAct,Salmonella_enterica_serovar_Agona_SL483,PPI
SeAg_B1204,cheR,B5F2W7,SeAg_B1207,SeAg_B1207,B5F2X0,692,1114,IntAct,Salmonella_enterica_serovar_Agona_SL483,PPI
SeAg_B1204,cheR,B5F2W7,SeAg_B1505,nifJ,B5F5C4,692,3295,IntAct,Salmonella_enterica_serovar_Agona_SL483,PPI
SeAg_B1204,cheR,B5F2W7,SeAg_B2013,flgC,B5F932,692,1694,IntAct,Salmonella_enterica_serovar_Agona_SL483,PPI
SeAg_B1206,cheY,B5F2W9,SeAg_B1207,SeAg_B1207,B5F2X0,2383,1114,IntAct_Interactome3d,Salmonella_enterica_serovar_Agona_SL483,PPI
SeAg_B1210,SeAg_B1210,B5F2X3,SeAg_B3859,SeAg_B3859,B5EX57,758,1412,IntAct,Salmonella_enterica_serovar_Agona_SL483,PPI
SeAg_B1210,SeAg_B1210,B5F2X3,SeAg_B1505,nifJ,B5F5C4,758,3295,IntAct,Salmonella_enterica_serovar_Agona_SL483,PPI
SeAg_B2883,SeAg_B2883,B5F2Z4,SeAg_B1957,pepT,B5F8C6,1486,2172,Lit_Ecoli_IntAct,Salmonella_enterica_serovar_Agona_SL483,PPI
SeAg_B2903,SeAg_B2903,B5F313,SeAg_B4135,SeAg_B4135,B5EZ34,3688,4000,Lit_Ecoli_IntAct,Salmonella_enterica_serovar_Agona_SL483,PPI
SeAg_B2910,SeAg_B2910,B5F320,SeAg_B0486,SeAg_B0486,B5EXI6,3986,2567,Lit_Ecoli_IntAct,Salmonella_enterica_serovar_Agona_SL483,PPI
SeAg_B2910,SeAg_B2910,B5F320,SeAg_B4340,cytR,B5F0S5,3986,2465,Lit_Ecoli_IntAct,Salmonella_enterica_serovar_Agona_SL483,PPI
SeAg_B2910,SeAg_B2910,B5F320,SeAg_B3786,nikR,B5F9E6,3986,2652,Lit_Ecoli_IntAct,Salmonella_enterica_serovar_Agona_SL483,PPI
SeAg_B2913,SeAg_B2913,B5F323,SeAg_B1035,SeAg_B1035,B5F1W1,1703,316,Lit_Ecoli_IntAct,Salmonella_enterica_serovar_Agona_SL483,PPI
SeAg_B2913,SeAg_B2913,B5F323,SeAg_B1394,hns,B5F4K0,1703,4137,Lit_Ecoli_IntAct_Interactome3d,Salmonella_enterica_serovar_Agona_SL483,PPI
SeAg_B2925,nrdF,B5F335,SeAg_B2922,SeAg_B2922,B5F332,4212,665,Lit_Ecoli_IntAct,Salmonella_enterica_serovar_Agona_SL483,PPI
SeAg_B2925,nrdF,B5F335,SeAg_B2923,nrdI,B5F333,4212,1888,Interactome3d,Salmonella_enterica_serovar_Agona_SL483,PPI
SeAg_B2946,alaS,B5F350,SeAg_B0472,SeAg_B0472,B5EXH3,584,1011,Biogrid,Salmonella_enterica_serovar_Agona_SL483,PPI
SeAg_B2947,recX,B5F351,SeAg_B0741,fldA,B5EZD1,340,564,Lit_Ecoli_IntAct,Salmonella_enterica_serovar_Agona_SL483,PPI
SeAg_B2949,SeAg_B2949,B5F353,SeAg_B3577,SeAg_B3577,B5F7P6,1866,2370,IntAct,Salmonella_enterica_serovar_Agona_SL483,PPI
SeAg_B2957,srlR,B5F361,SeAg_B0978,pflB2,B5F155,1785,2570,Lit_Ecoli_IntAct,Salmonella_enterica_serovar_Agona_SL483,PPI
SeAg_B2962,hypF,B5F366,SeAg_B3853,SeAg_B3853,B5EX51,814,2271,Lit_Ecoli_IntAct,Salmonella_enterica_serovar_Agona_SL483,PPI
SeAg_B2962,hypF,B5F366,SeAg_B0589,SeAg_B0589,B5EYE3,814,2271,Lit_Ecoli_IntAct,Salmonella_enterica_serovar_Agona_SL483,PPI
SeAg_B2962,hypF,B5F366,SeAg_B1319,minC,B5F3S8,814,970,Lit_Ecoli_IntAct,Salmonella_enterica_serovar_Agona_SL483,PPI
SeAg_B2962,hypF,B5F366,SeAg_B2980,hypE,B5F3U1,814,71,Lit_Ecoli_IntAct_Interactome3d,Salmonella_enterica_serovar_Agona_SL483,PPI
SeAg_B2962,hypF,B5F366,SeAg_B3620,rplR,B5F7S9,814,179,Lit_Ecoli_IntAct,Salmonella_enterica_serovar_Agona_SL483,PPI
SeAg_B2963,SeAg_B2963,B5F367,SeAg_B0812,galE,B5F054,3570,3536,Lit_Ecoli_IntAct,Salmonella_enterica_serovar_Agona_SL483,PPI
SeAg_B4635,SeAg_B4635,B5F383,SeAg_B1311,SeAg_B1311,B5F3S1,1711,3487,Lit_Ecoli_IntAct,Salmonella_enterica_serovar_Agona_SL483,PPI
SeAg_B4637,mutL,B5F385,SeAg_B0689,holA,B5EZ87,1579,298,IntAct,Salmonella_enterica_serovar_Agona_SL483,PPI
SeAg_B4637,mutL,B5F385,SeAg_B2948,recA,B5F352,1579,3140,IntAct,Salmonella_enterica_serovar_Agona_SL483,PPI
SeAg_B4638,miaA,B5F386,SeAg_B0135,fruR,B5F7V4,1861,191,Lit_Ecoli_IntAct,Salmonella_enterica_serovar_Agona_SL483,PPI
SeAg_B4638,miaA,B5F386,SeAg_B0137,mraW,B5F7V6,1861,1182,Lit_Ecoli_IntAct,Salmonella_enterica_serovar_Agona_SL483,PPI
SeAg_B4639,hfq,B5F387,SeAg_B0218,pcnB,B5F835,1130,2476,IntAct,Salmonella_enterica_serovar_Agona_SL483,PPI
SeAg_B4641,hflK,B5F389,SeAg_B4069,SeAg_B4069,B5EYX5,1497,3987,IntAct,Salmonella_enterica_serovar_Agona_SL483,PPI
SeAg_B4641,hflK,B5F389,SeAg_B3485,hflB,B5F6U6,1497,1362,IntAct,Salmonella_enterica_serovar_Agona_SL483,PPI
SeAg_B4642,hflC,B5F390,SeAg_B2671,SeAg_B2671,B5F195,546,1622,IntAct,Salmonella_enterica_serovar_Agona_SL483,PPI
SeAg_B4642,hflC,B5F390,SeAg_B3485,hflB,B5F6U6,546,1362,IntAct,Salmonella_enterica_serovar_Agona_SL483,PPI
SeAg_B4646,rnr,B5F394,SeAg_B3054,ispF,B5F410,3992,1947,IntAct,Salmonella_enterica_serovar_Agona_SL483,PPI
SeAg_B4646,rnr,B5F394,SeAg_B0218,pcnB,B5F835,3992,2476,IntAct,Salmonella_enterica_serovar_Agona_SL483,PPI
SeAg_B4659,SeAg_B4659,B5F3A7,SeAg_B2761,SeAg_B2761,B5F232,1700,133,Lit_Ecoli_IntAct,Salmonella_enterica_serovar_Agona_SL483,PPI
SeAg_B4670,priB,B5F3B8,SeAg_B4503,dnaB,B5F1R4,28,1004,IntAct,Salmonella_enterica_serovar_Agona_SL483,PPI
SeAg_B4670,priB,B5F3B8,SeAg_B4865,SeAg_B4865,B5F503,28,4291,IntAct,Salmonella_enterica_serovar_Agona_SL483,PPI
SeAg_B4671,rpsR,B5F3B9,SeAg_B4669,rpsF,B5F3B7,2540,3422,Lit_Ecoli_IntAct_Interactome3d,Salmonella_enterica_serovar_Agona_SL483,PPI
SeAg_B4671,rpsR,B5F3B9,SeAg_B3612,rpsK,B5F7S3,2540,1517,Interactome3d,Salmonella_enterica_serovar_Agona_SL483,PPI
SeAg_B4674,SeAg_B4674,B5F3C2,SeAg_B3185,SeAg_B3185,B5F4X8,2762,4451,Lit_Ecoli_IntAct,Salmonella_enterica_serovar_Agona_SL483,PPI
SeAg_B4675,fklB,B5F3C3,SeAg_B4142,trxA,B5EZ41,2430,3171,IntAct,Salmonella_enterica_serovar_Agona_SL483,PPI
SeAg_B4675,fklB,B5F3C3,SeAg_B2963,SeAg_B2963,B5F367,2430,3570,Lit_Ecoli_IntAct,Salmonella_enterica_serovar_Agona_SL483,PPI
SeAg_B4675,fklB,B5F3C3,SeAg_B1413,SeAg_B1413,B5F4L7,2430,3375,IntAct,Salmonella_enterica_serovar_Agona_SL483,PPI
SeAg_B4675,fklB,B5F3C3,SeAg_B3322,hybA,B5F636,2430,989,Lit_Ecoli_IntAct,Salmonella_enterica_serovar_Agona_SL483,PPI
SeAg_B4687,msrA,B5F3D4,SeAg_B3738,glgX,B5F8Q3,1157,1239,Lit_Ecoli_IntAct,Salmonella_enterica_serovar_Agona_SL483,PPI
SeAg_B4696,mpl,B5F3E3,SeAg_B3424,SeAg_B3424,B5F6P3,839,3148,Lit_Ecoli_IntAct,Salmonella_enterica_serovar_Agona_SL483,PPI
SeAg_B4709,SeAg_B4709,B5F3F6,SeAg_B3322,hybA,B5F636,4837,989,Lit_Ecoli_IntAct,Salmonella_enterica_serovar_Agona_SL483,PPI
SeAg_B1224,SeAg_B1224,B5F3J1,SeAg_B2306,SeAg_B2306,B5EY01,3350,968,Lit_Ecoli_IntAct,Salmonella_enterica_serovar_Agona_SL483,PPI
SeAg_B1224,SeAg_B1224,B5F3J1,SeAg_B2818,rplS,B5F286,3350,2931,IntAct,Salmonella_enterica_serovar_Agona_SL483,PPI
SeAg_B1224,SeAg_B1224,B5F3J1,SeAg_B3577,SeAg_B3577,B5F7P6,3350,2370,Lit_Ecoli_IntAct,Salmonella_enterica_serovar_Agona_SL483,PPI
SeAg_B1229,ruvA,B5F3J6,SeAg_B1230,ruvB,B5F3J7,3165,3450,Interactome3d,Salmonella_enterica_serovar_Agona_SL483,PPI
SeAg_B1230,ruvB,B5F3J7,SeAg_B1204,cheR,B5F2W7,3450,692,IntAct,Salmonella_enterica_serovar_Agona_SL483,PPI
SeAg_B1236,pykA,B5F3K3,SeAg_B4142,trxA,B5EZ41,3071,3171,IntAct,Salmonella_enterica_serovar_Agona_SL483,PPI
SeAg_B1236,pykA,B5F3K3,SeAg_B0710,lnt,B5EZA7,3071,1177,Lit_Ecoli_IntAct,Salmonella_enterica_serovar_Agona_SL483,PPI
SeAg_B1238,zwf,B5F3K5,SeAg_B0745,pgm,B5EZD5,452,1852,IntAct,Salmonella_enterica_serovar_Agona_SL483,PPI
SeAg_B1244,SeAg_B1244,B5F3L1,SeAg_B4142,trxA,B5EZ41,1467,3171,IntAct,Salmonella_enterica_serovar_Agona_SL483,PPI
SeAg_B1248,SeAg_B1248,B5F3L5,SeAg_B0272,dnaE,B5F8U5,3691,587,IntAct,Salmonella_enterica_serovar_Agona_SL483,PPI
SeAg_B1248,SeAg_B1248,B5F3L5,SeAg_B0308,dnaQ,B5F8X3,3691,3713,Lit_Ecoli_IntAct_Interactome3d,Salmonella_enterica_serovar_Agona_SL483,PPI
SeAg_B1280,SeAg_B1280,B5F3P2,SeAg_B0463,xseB,B5EXG5,3214,1862,Lit_Ecoli_IntAct,Salmonella_enterica_serovar_Agona_SL483,PPI
SeAg_B1280,SeAg_B1280,B5F3P2,SeAg_B1445,SeAg_B1445,B5F568,3214,1261,Lit_Ecoli_IntAct,Salmonella_enterica_serovar_Agona_SL483,PPI
SeAg_B1285,proQ,B5F3P7,SeAg_B0741,fldA,B5EZD1,2695,564,Lit_Ecoli_IntAct,Salmonella_enterica_serovar_Agona_SL483,PPI
SeAg_B1286,prc,B5F3P8,SeAg_B4142,trxA,B5EZ41,2573,3171,IntAct,Salmonella_enterica_serovar_Agona_SL483,PPI
SeAg_B1289,SeAg_B1289,B5F3Q0,SeAg_B1280,SeAg_B1280,B5F3P2,3153,3214,Lit_Ecoli_IntAct,Salmonella_enterica_serovar_Agona_SL483,PPI
SeAg_B1300,manZ,B5F3R0,SeAg_B1302,manX,B5F3R2,3056,111,IntAct,Salmonella_enterica_serovar_Agona_SL483,PPI
SeAg_B1301,manY,B5F3R1,SeAg_B1302,manX,B5F3R2,2212,111,IntAct,Salmonella_enterica_serovar_Agona_SL483,PPI
SeAg_B1302,manX,B5F3R2,SeAg_B2576,ptsH,B5F0G0,111,561,Interactome3d,Salmonella_enterica_serovar_Agona_SL483,PPI
SeAg_B1303,SeAg_B1303,B5F3R3,SeAg_B1965,lolE,B5F8D4,1535,190,Lit_Ecoli_IntAct,Salmonella_enterica_serovar_Agona_SL483,PPI
SeAg_B1307,pabB,B5F3R7,SeAg_B3666,pabA,B5F8I1,3652,568,Lit_Ecoli_IntAct_Interactome3d,Salmonella_enterica_serovar_Agona_SL483,PPI
SeAg_B1318,minD,B5F3S7,SeAg_B2738,SeAg_B2738,B5F1F6,1330,1937,Lit_Ecoli_IntAct,Salmonella_enterica_serovar_Agona_SL483,PPI
SeAg_B1318,minD,B5F3S7,SeAg_B1317,minE,B5F3S6,1330,1324,IntAct_Interactome3d,Salmonella_enterica_serovar_Agona_SL483,PPI
SeAg_B1318,minD,B5F3S7,SeAg_B1319,minC,B5F3S8,1330,970,Lit_Ecoli_IntAct,Salmonella_enterica_serovar_Agona_SL483,PPI
SeAg_B1319,minC,B5F3S8,SeAg_B0426,SeAg_B0426,B5EWS1,970,230,Lit_Ecoli_IntAct,Salmonella_enterica_serovar_Agona_SL483,PPI
SeAg_B1319,minC,B5F3S8,SeAg_B2172,SeAg_B2172,B5EX15,970,3646,Lit_Ecoli_IntAct,Salmonella_enterica_serovar_Agona_SL483,PPI
SeAg_B1319,minC,B5F3S8,SeAg_B0469,SeAg_B0469,B5EXH0,970,253,Lit_Ecoli_IntAct,Salmonella_enterica_serovar_Agona_SL483,PPI
SeAg_B1319,minC,B5F3S8,SeAg_B0662,citE,B5EYL2,970,220,Lit_Ecoli_IntAct,Salmonella_enterica_serovar_Agona_SL483,PPI
SeAg_B1319,minC,B5F3S8,SeAg_B0689,holA,B5EZ87,970,298,Lit_Ecoli_IntAct,Salmonella_enterica_serovar_Agona_SL483,PPI
SeAg_B1319,minC,B5F3S8,SeAg_B2609,eutN,B5F0J3,970,3646,Lit_Ecoli_IntAct,Salmonella_enterica_serovar_Agona_SL483,PPI
SeAg_B1319,minC,B5F3S8,SeAg_B1545,SeAg_B1545,B5F5R4,970,1079,Lit_Ecoli_IntAct,Salmonella_enterica_serovar_Agona_SL483,PPI
SeAg_B1319,minC,B5F3S8,SeAg_B1707,manA,B5F6I0,970,3912,Lit_Ecoli_IntAct,Salmonella_enterica_serovar_Agona_SL483,PPI
SeAg_B1320,SeAg_B1320,B5F3S9,SeAg_B4886,SeAg_B4886,B5F521,1759,358,Lit_Ecoli_IntAct,Salmonella_enterica_serovar_Agona_SL483,PPI
SeAg_B2976,hypA,B5F3T7,SeAg_B0622,SeAg_B0622,B5EYH4,2740,1768,Lit_Ecoli_IntAct,Salmonella_enterica_serovar_Agona_SL483,PPI
SeAg_B2976,hypA,B5F3T7,SeAg_B2970,hycE,B5F374,2740,126,IntAct,Salmonella_enterica_serovar_Agona_SL483,PPI
SeAg_B2976,hypA,B5F3T7,SeAg_B2977,hypB,B5F3T8,2740,170,IntAct,Salmonella_enterica_serovar_Agona_SL483,PPI
SeAg_B2976,hypA,B5F3T7,SeAg_B3652,slyD,B5F8G7,2740,3489,IntAct,Salmonella_enterica_serovar_Agona_SL483,PPI
SeAg_B2977,hypB,B5F3T8,SeAg_B2970,hycE,B5F374,170,126,IntAct,Salmonella_enterica_serovar_Agona_SL483,PPI
SeAg_B2977,hypB,B5F3T8,SeAg_B3652,slyD,B5F8G7,170,3489,IntAct,Salmonella_enterica_serovar_Agona_SL483,PPI
SeAg_B2978,hypC2,B5F3T9,SeAg_B3316,hypC,B5F630,379,3620,Lit_Ecoli_IntAct,Salmonella_enterica_serovar_Agona_SL483,PPI
SeAg_B2979,hypD,B5F3U0,SeAg_B2978,hypC2,B5F3T9,3763,379,IntAct_Interactome3d,Salmonella_enterica_serovar_Agona_SL483,PPI
SeAg_B2979,hypD,B5F3U0,SeAg_B3316,hypC,B5F630,3763,3620,Lit_Ecoli_IntAct_Interactome3d,Salmonella_enterica_serovar_Agona_SL483,PPI
SeAg_B2980,hypE,B5F3U1,SeAg_B2970,hycE,B5F374,71,126,Lit_Ecoli_IntAct,Salmonella_enterica_serovar_Agona_SL483,PPI
SeAg_B2980,hypE,B5F3U1,SeAg_B3316,hypC,B5F630,71,3620,IntAct_Interactome3d,Salmonella_enterica_serovar_Agona_SL483,PPI
SeAg_B2981,SeAg_B2981,B5F3U2,SeAg_B4608,groEL,B5F2L0,791,1880,Lit_Ecoli_IntAct,Salmonella_enterica_serovar_Agona_SL483,PPI
SeAg_B2998,SeAg_B2998,B5F3V8,SeAg_B3053,truD,B5F409,1036,367,Lit_Ecoli_IntAct,Salmonella_enterica_serovar_Agona_SL483,PPI
SeAg_B3030,mutS,B5F3Y8,SeAg_B4637,mutL,B5F385,1945,1579,IntAct,Salmonella_enterica_serovar_Agona_SL483,PPI
SeAg_B3036,SeAg_B3036,B5F3Z4,SeAg_B3185,SeAg_B3185,B5F4X8,1567,4451,Lit_Ecoli_IntAct,Salmonella_enterica_serovar_Agona_SL483,PPI
SeAg_B3051,pcm,B5F407,SeAg_B4648,SeAg_B4648,B5F396,1838,469,Lit_Ecoli_IntAct,Salmonella_enterica_serovar_Agona_SL483,PPI
SeAg_B3053,truD,B5F409,SeAg_B1285,proQ,B5F3P7,367,2695,Lit_Ecoli_IntAct,Salmonella_enterica_serovar_Agona_SL483,PPI
SeAg_B3056,ftsB,B5F412,SeAg_B4339,ftsN,B5F0S4,981,2083,IntAct,Salmonella_enterica_serovar_Agona_SL483,PPI
SeAg_B3056,ftsB,B5F412,SeAg_B0138,ftsL,B5F7V7,981,229,Lit_Ecoli_IntAct,Salmonella_enterica_serovar_Agona_SL483,PPI
SeAg_B3056,ftsB,B5F412,SeAg_B0139,ftsI,B5F7V8,981,3143,IntAct,Salmonella_enterica_serovar_Agona_SL483,PPI
SeAg_B3056,ftsB,B5F412,SeAg_B0144,ftsW,B5F7W3,981,3007,IntAct,Salmonella_enterica_serovar_Agona_SL483,PPI
SeAg_B3056,ftsB,B5F412,SeAg_B0148,ftsQ,B5F7W7,981,398,IntAct,Salmonella_enterica_serovar_Agona_SL483,PPI
SeAg_B3066,cas1,B5F420,SeAg_B2249,udk,B5EXV0,3242,1109,Lit_Ecoli_IntAct,Salmonella_enterica_serovar_Agona_SL483,PPI
SeAg_B3066,cas1,B5F420,SeAg_B4239,glnA,B5EZX8,3242,1022,Lit_Ecoli_IntAct,Salmonella_enterica_serovar_Agona_SL483,PPI
SeAg_B3066,cas1,B5F420,SeAg_B4249,SeAg_B4249,B5EZY8,3242,386,Lit_Ecoli_IntAct,Salmonella_enterica_serovar_Agona_SL483,PPI
SeAg_B3066,cas1,B5F420,SeAg_B0830,bioB,B5F072,3242,1192,Lit_Ecoli_IntAct,Salmonella_enterica_serovar_Agona_SL483,PPI
SeAg_B3066,cas1,B5F420,SeAg_B1054,SeAg_B1054,B5F1X8,3242,132,Lit_Ecoli_IntAct,Salmonella_enterica_serovar_Agona_SL483,PPI
SeAg_B3066,cas1,B5F420,SeAg_B1282,SeAg_B1282,B5F3P4,3242,586,Lit_Ecoli_IntAct,Salmonella_enterica_serovar_Agona_SL483,PPI
SeAg_B3066,cas1,B5F420,SeAg_B3065,cas2,B5F419,3242,391,Interactome3d,Salmonella_enterica_serovar_Agona_SL483,PPI
SeAg_B3066,cas1,B5F420,SeAg_B1798,SeAg_B1798,B5F7C4,3242,1741,Lit_Ecoli_IntAct,Salmonella_enterica_serovar_Agona_SL483,PPI
SeAg_B4733,nrdG,B5F436,SeAg_B4734,nrdD,B5F437,1285,3575,Lit_Ecoli_IntAct,Salmonella_enterica_serovar_Agona_SL483,PPI
SeAg_B4736,treC,B5F439,SeAg_B2882,SeAg_B2882,B5F2Z3,1791,3743,Lit_Ecoli_IntAct,Salmonella_enterica_serovar_Agona_SL483,PPI
SeAg_B4744,pyrB,B5F446,SeAg_B4743,pyrI,B5F445,1522,3339,Lit_Ecoli_IntAct_Interactome3d,Salmonella_enterica_serovar_Agona_SL483,PPI
SeAg_B4755,SeAg_B4755,B5F457,SeAg_B2720,SeAg_B2720,B5F1E1,2816,2233,Lit_Ecoli_IntAct,Salmonella_enterica_serovar_Agona_SL483,PPI
SeAg_B4768,SeAg_B4768,B5F470,SeAg_B2301,SeAg_B2301,B5EXZ6,82,404,Lit_Ecoli_IntAct,Salmonella_enterica_serovar_Agona_SL483,PPI
SeAg_B4768,SeAg_B4768,B5F470,SeAg_B1285,proQ,B5F3P7,82,2695,Lit_Ecoli_IntAct,Salmonella_enterica_serovar_Agona_SL483,PPI
SeAg_B4770,idnK,B5F472,SeAg_B0643,SeAg_B0643,B5EYJ5,33,3654,Lit_Ecoli_IntAct,Salmonella_enterica_serovar_Agona_SL483,PPI
SeAg_B4770,idnK,B5F472,SeAg_B2576,ptsH,B5F0G0,33,561,Lit_Ecoli_IntAct,Salmonella_enterica_serovar_Agona_SL483,PPI
SeAg_B4770,idnK,B5F472,SeAg_B3162,SeAg_B3162,B5F4V7,33,2283,Lit_Ecoli_IntAct,Salmonella_enterica_serovar_Agona_SL483,PPI
SeAg_B4773,SeAg_B4773,B5F474,SeAg_B1957,pepT,B5F8C6,1486,2172,Lit_Ecoli_IntAct,Salmonella_enterica_serovar_Agona_SL483,PPI
SeAg_B1324,SeAg_B1324,B5F4D8,SeAg_B4886,SeAg_B4886,B5F521,1206,358,Lit_Ecoli_IntAct,Salmonella_enterica_serovar_Agona_SL483,PPI
SeAg_B1342,cydA,B5F4F5,SeAg_B0776,cydA,B5F023,950,288,IntAct,Salmonella_enterica_serovar_Agona_SL483,PPI
SeAg_B1343,SeAg_B1343,B5F4F6,SeAg_B1348,SeAg_B1348,B5F4G1,1761,3144,Lit_Ecoli_IntAct,Salmonella_enterica_serovar_Agona_SL483,PPI
SeAg_B1343,SeAg_B1343,B5F4F6,SeAg_B1632,SeAg_B1632,B5F5Z8,1761,3144,Lit_Ecoli_IntAct,Salmonella_enterica_serovar_Agona_SL483,PPI
SeAg_B1345,hybD,B5F4F8,SeAg_B4111,rbsB,B5EZ17,543,1348,Lit_Ecoli_IntAct,Salmonella_enterica_serovar_Agona_SL483,PPI
SeAg_B1345,hybD,B5F4F8,SeAg_B0691,leuS,B5EZ89,543,1322,Lit_Ecoli_IntAct,Salmonella_enterica_serovar_Agona_SL483,PPI
SeAg_B1345,hybD,B5F4F8,SeAg_B0836,SeAg_B0836,B5F078,543,3202,Lit_Ecoli_IntAct,Salmonella_enterica_serovar_Agona_SL483,PPI
SeAg_B1345,hybD,B5F4F8,SeAg_B2571,ligA,B5F0F5,543,2114,Lit_Ecoli_IntAct,Salmonella_enterica_serovar_Agona_SL483,PPI
SeAg_B1345,hybD,B5F4F8,SeAg_B1347,SeAg_B1347,B5F4G0,543,1363,Lit_Ecoli_IntAct,Salmonella_enterica_serovar_Agona_SL483,PPI
SeAg_B1345,hybD,B5F4F8,SeAg_B1348,SeAg_B1348,B5F4G1,543,3144,Lit_Ecoli_IntAct,Salmonella_enterica_serovar_Agona_SL483,PPI
SeAg_B1345,hybD,B5F4F8,SeAg_B1432,topA,B5F4N5,543,420,Lit_Ecoli_IntAct,Salmonella_enterica_serovar_Agona_SL483,PPI
SeAg_B1345,hybD,B5F4F8,SeAg_B1632,SeAg_B1632,B5F5Z8,543,3144,Lit_Ecoli_IntAct,Salmonella_enterica_serovar_Agona_SL483,PPI
SeAg_B1345,hybD,B5F4F8,SeAg_B3708,SeAg_B3708,B5F8M3,543,2437,Lit_Ecoli_IntAct,Salmonella_enterica_serovar_Agona_SL483,PPI
SeAg_B1346,cybH,B5F4F9,SeAg_B1348,SeAg_B1348,B5F4G1,904,3144,Interactome3d,Salmonella_enterica_serovar_Agona_SL483,PPI
SeAg_B1346,cybH,B5F4F9,SeAg_B1632,SeAg_B1632,B5F5Z8,904,3144,Interactome3d,Salmonella_enterica_serovar_Agona_SL483,PPI
SeAg_B1347,SeAg_B1347,B5F4G0,SeAg_B1348,SeAg_B1348,B5F4G1,1363,3144,Interactome3d,Salmonella_enterica_serovar_Agona_SL483,PPI
SeAg_B1347,SeAg_B1347,B5F4G0,SeAg_B1632,SeAg_B1632,B5F5Z8,1363,3144,Interactome3d,Salmonella_enterica_serovar_Agona_SL483,PPI
SeAg_B1347,SeAg_B1347,B5F4G0,SeAg_B3323,hybO,B5F637,1363,2290,IntAct_Interactome3d,Salmonella_enterica_serovar_Agona_SL483,PPI
SeAg_B1357,prs,B5F4H0,SeAg_B3131,csdE,B5F4T2,465,3402,IntAct,Salmonella_enterica_serovar_Agona_SL483,PPI
SeAg_B1360,lolB,B5F4H3,SeAg_B0785,pal,B5F032,3937,3222,IntAct,Salmonella_enterica_serovar_Agona_SL483,PPI
SeAg_B1363,prfA,B5F4H6,SeAg_B1364,hemK,B5F4H7,1898,366,Interactome3d,Salmonella_enterica_serovar_Agona_SL483,PPI
SeAg_B1373,narL,B5F4I6,SeAg_B2624,SeAg_B2624,B5F0K7,265,4131,Lit_Ecoli_IntAct,Salmonella_enterica_serovar_Agona_SL483,PPI
SeAg_B1376,narG,B5F4I9,SeAg_B1015,pepN,B5F1U1,65,3822,Lit_Ecoli_IntAct,Salmonella_enterica_serovar_Agona_SL483,PPI
SeAg_B1377,narH,B5F4J0,SeAg_B1015,pepN,B5F1U1,3872,3822,Lit_Ecoli_IntAct,Salmonella_enterica_serovar_Agona_SL483,PPI
SeAg_B1377,narH,B5F4J0,SeAg_B1376,narG,B5F4I9,3872,65,Lit_Ecoli_IntAct_Interactome3d,Salmonella_enterica_serovar_Agona_SL483,PPI
SeAg_B1377,narH,B5F4J0,SeAg_B1379,narI,B5F4J2,3872,1321,Interactome3d,Salmonella_enterica_serovar_Agona_SL483,PPI
SeAg_B1378,narJ,B5F4J1,SeAg_B1376,narG,B5F4I9,3138,65,Lit_Ecoli_IntAct,Salmonella_enterica_serovar_Agona_SL483,PPI
SeAg_B1379,narI,B5F4J2,SeAg_B1376,narG,B5F4I9,1321,65,IntAct_Interactome3d,Salmonella_enterica_serovar_Agona_SL483,PPI
SeAg_B1392,SeAg_B1392,B5F4J8,SeAg_B0419,SeAg_B0419,B5EWR4,3072,3424,Lit_Ecoli_IntAct,Salmonella_enterica_serovar_Agona_SL483,PPI
SeAg_B1394,hns,B5F4K0,SeAg_B0472,SeAg_B0472,B5EXH3,4137,1011,Biogrid,Salmonella_enterica_serovar_Agona_SL483,PPI
SeAg_B1394,hns,B5F4K0,SeAg_B0514,SeAg_B0514,B5EXL3,4137,2598,IntAct_Interactome3d,Salmonella_enterica_serovar_Agona_SL483,PPI
SeAg_B1394,hns,B5F4K0,SeAg_B1294,cspC,B5F3Q5,4137,2817,IntAct,Salmonella_enterica_serovar_Agona_SL483,PPI
SeAg_B1394,hns,B5F4K0,SeAg_B1713,SeAg_B1713,B5F6I6,4137,1437,IntAct_Interactome3d,Salmonella_enterica_serovar_Agona_SL483,PPI
SeAg_B1395,tdk,B5F4K1,SeAg_B4142,trxA,B5EZ41,72,3171,IntAct,Salmonella_enterica_serovar_Agona_SL483,PPI
SeAg_B1396,adhE,B5F4K2,SeAg_B0472,SeAg_B0472,B5EXH3,205,1011,Biogrid,Salmonella_enterica_serovar_Agona_SL483,PPI
SeAg_B1396,adhE,B5F4K2,SeAg_B4066,dnaA,B5EYX2,205,195,IntAct,Salmonella_enterica_serovar_Agona_SL483,PPI
SeAg_B1396,adhE,B5F4K2,SeAg_B4069,SeAg_B4069,B5EYX5,205,3987,IntAct,Salmonella_enterica_serovar_Agona_SL483,PPI
SeAg_B1399,SeAg_B1399,B5F4K4,SeAg_B4180,uvrD,B5EZS8,922,1959,Lit_Ecoli_IntAct,Salmonella_enterica_serovar_Agona_SL483,PPI
SeAg_B1409,SeAg_B1409,B5F4L3,SeAg_B0624,SeAg_B0624,B5EYH6,1820,70,IntAct,Salmonella_enterica_serovar_Agona_SL483,PPI
SeAg_B1409,SeAg_B1409,B5F4L3,SeAg_B4372,btuB,B5F0V4,1820,3964,Interactome3d,Salmonella_enterica_serovar_Agona_SL483,PPI
SeAg_B1409,SeAg_B1409,B5F4L3,SeAg_B3332,exbD,B5F646,1820,3311,IntAct,Salmonella_enterica_serovar_Agona_SL483,PPI
SeAg_B1409,SeAg_B1409,B5F4L3,SeAg_B3333,exbB,B5F647,1820,1712,IntAct,Salmonella_enterica_serovar_Agona_SL483,PPI
SeAg_B1409,SeAg_B1409,B5F4L3,SeAg_B1794,lpp,B5F7C0,1820,2977,IntAct,Salmonella_enterica_serovar_Agona_SL483,PPI
SeAg_B1417,SeAg_B1417,B5F4M1,SeAg_B0834,uvrB,B5F076,733,1831,Lit_Ecoli_IntAct,Salmonella_enterica_serovar_Agona_SL483,PPI
SeAg_B1420,trpB,B5F4M4,SeAg_B1419,trpA,B5F4M3,955,2089,IntAct_Interactome3d,Salmonella_enterica_serovar_Agona_SL483,PPI
SeAg_B1421,SeAg_B1421,B5F4M5,SeAg_B3980,SeAg_B3980,B5EY29,1560,48,Lit_Ecoli_IntAct,Salmonella_enterica_serovar_Agona_SL483,PPI
SeAg_B1421,SeAg_B1421,B5F4M5,SeAg_B2412,ubiG,B5EYW1,1560,1095,Lit_Ecoli_IntAct,Salmonella_enterica_serovar_Agona_SL483,PPI
SeAg_B1421,SeAg_B1421,B5F4M5,SeAg_B3185,SeAg_B3185,B5F4X8,1560,4451,Lit_Ecoli_IntAct,Salmonella_enterica_serovar_Agona_SL483,PPI
SeAg_B1421,SeAg_B1421,B5F4M5,SeAg_B0087,SeAg_B0087,B5F759,1560,2000,Lit_Ecoli_IntAct,Salmonella_enterica_serovar_Agona_SL483,PPI
SeAg_B1423,trpE,B5F4M7,SeAg_B0830,bioB,B5F072,1668,1192,Lit_Ecoli_IntAct,Salmonella_enterica_serovar_Agona_SL483,PPI
SeAg_B1427,rluB,B5F4N0,SeAg_B1019,rlmL,B5F1U5,2408,3219,Lit_Ecoli_IntAct,Salmonella_enterica_serovar_Agona_SL483,PPI
SeAg_B1427,rluB,B5F4N0,SeAg_B3644,rpsG,B5F8F9,2408,1032,Lit_Ecoli_IntAct,Salmonella_enterica_serovar_Agona_SL483,PPI
SeAg_B1432,topA,B5F4N5,SeAg_B0691,leuS,B5EZ89,420,1322,Lit_Ecoli_IntAct,Salmonella_enterica_serovar_Agona_SL483,PPI
SeAg_B1432,topA,B5F4N5,SeAg_B1505,nifJ,B5F5C4,420,3295,IntAct,Salmonella_enterica_serovar_Agona_SL483,PPI
SeAg_B3090,SeAg_B3090,B5F4P4,SeAg_B2945,csrA,B5F349,162,4235,Lit_Ecoli_IntAct,Salmonella_enterica_serovar_Agona_SL483,PPI
SeAg_B3092,SeAg_B3092,B5F4P6,SeAg_B4656,SeAg_B4656,B5F3A4,112,2026,Lit_Ecoli_IntAct,Salmonella_enterica_serovar_Agona_SL483,PPI
SeAg_B3092,SeAg_B3092,B5F4P6,SeAg_B3065,cas2,B5F419,112,391,Lit_Ecoli_IntAct,Salmonella_enterica_serovar_Agona_SL483,PPI
SeAg_B3092,SeAg_B3092,B5F4P6,SeAg_B4907,trpR,B5F541,112,2479,Lit_Ecoli_IntAct,Salmonella_enterica_serovar_Agona_SL483,PPI
SeAg_B3092,SeAg_B3092,B5F4P6,SeAg_B3738,glgX,B5F8Q3,112,1239,Lit_Ecoli_IntAct,Salmonella_enterica_serovar_Agona_SL483,PPI
SeAg_B3099,SeAg_B3099,B5F4Q3,SeAg_B0947,clpA,B5F128,1654,2135,Lit_Ecoli_IntAct,Salmonella_enterica_serovar_Agona_SL483,PPI
SeAg_B3101,SeAg_B3101,B5F4Q5,SeAg_B3102,SeAg_B3102,B5F4Q6,1146,2678,Interactome3d,Salmonella_enterica_serovar_Agona_SL483,PPI
SeAg_B3106,SeAg_B3106,B5F4Q9,SeAg_B0894,rimO,B5F0X7,1674,1787,Lit_Ecoli_IntAct,Salmonella_enterica_serovar_Agona_SL483,PPI
SeAg_B3107,SeAg_B3107,B5F4R0,SeAg_B0812,galE,B5F054,437,3536,Lit_Ecoli_IntAct,Salmonella_enterica_serovar_Agona_SL483,PPI
SeAg_B3111,SeAg_B3111,B5F4R3,SeAg_B4502,SeAg_B4502,B5F1R3,1510,1400,Lit_Ecoli_IntAct,Salmonella_enterica_serovar_Agona_SL483,PPI
SeAg_B3114,SeAg_B3114,B5F4R6,SeAg_B4142,trxA,B5EZ41,3869,3171,IntAct,Salmonella_enterica_serovar_Agona_SL483,PPI
SeAg_B3115,xni,B5F4R7,SeAg_B1170,SeAg_B1170,B5F2T7,3327,776,Lit_Ecoli_IntAct,Salmonella_enterica_serovar_Agona_SL483,PPI
SeAg_B3116,fucO,B5F4R8,SeAg_B3602,def,B5F7R3,948,1601,Lit_Ecoli_IntAct,Salmonella_enterica_serovar_Agona_SL483,PPI
SeAg_B3131,csdE,B5F4T2,SeAg_B3130,csdA,B5F4T1,3402,1721,Lit_Ecoli_IntAct_Interactome3d,Salmonella_enterica_serovar_Agona_SL483,PPI
SeAg_B3131,csdE,B5F4T2,SeAg_B3133,SeAg_B3133,B5F4T4,3402,1575,IntAct,Salmonella_enterica_serovar_Agona_SL483,PPI
SeAg_B3131,csdE,B5F4T2,SeAg_B0013,dnaK,B5F6Y8,3402,2512,IntAct,Salmonella_enterica_serovar_Agona_SL483,PPI
SeAg_B3133,SeAg_B3133,B5F4T4,SeAg_B3130,csdA,B5F4T1,1575,1721,IntAct,Salmonella_enterica_serovar_Agona_SL483,PPI
SeAg_B3139,recD,B5F4T6,SeAg_B3142,recC,B5F4T9,3417,1037,IntAct_Interactome3d,Salmonella_enterica_serovar_Agona_SL483,PPI
SeAg_B3140,recB,B5F4T7,SeAg_B3139,recD,B5F4T6,2658,3417,IntAct,Salmonella_enterica_serovar_Agona_SL483,PPI
SeAg_B3140,recB,B5F4T7,SeAg_B3142,recC,B5F4T9,2658,1037,IntAct_Interactome3d,Salmonella_enterica_serovar_Agona_SL483,PPI
SeAg_B3150,ptsP,B5F4U7,SeAg_B4142,trxA,B5EZ41,3085,3171,Lit_Ecoli_IntAct,Salmonella_enterica_serovar_Agona_SL483,PPI
SeAg_B3150,ptsP,B5F4U7,SeAg_B3655,kefG,B5F8H0,3085,2072,Lit_Ecoli_IntAct,Salmonella_enterica_serovar_Agona_SL483,PPI
SeAg_B3151,nudH,B5F4U8,SeAg_B0741,fldA,B5EZD1,867,564,Lit_Ecoli_IntAct,Salmonella_enterica_serovar_Agona_SL483,PPI
SeAg_B3151,nudH,B5F4U8,SeAg_B4620,frdB,B5F2M0,867,2693,IntAct,Salmonella_enterica_serovar_Agona_SL483,PPI
SeAg_B3152,mutH,B5F4U9,SeAg_B4637,mutL,B5F385,1918,1579,IntAct,Salmonella_enterica_serovar_Agona_SL483,PPI
SeAg_B3162,SeAg_B3162,B5F4V7,SeAg_B1545,SeAg_B1545,B5F5R4,2283,1079,Lit_Ecoli_IntAct,Salmonella_enterica_serovar_Agona_SL483,PPI
SeAg_B3163,lysA,B5F4V8,SeAg_B4305,cpxR,B5F0P3,2791,290,Lit_Ecoli_IntAct,Salmonella_enterica_serovar_Agona_SL483,PPI
SeAg_B3176,SeAg_B3176,B5F4X1,SeAg_B4153,wecF,B5EZ52,1254,453,Lit_Ecoli_IntAct,Salmonella_enterica_serovar_Agona_SL483,PPI
SeAg_B3176,SeAg_B3176,B5F4X1,SeAg_B3696,hslR,B5F8L1,1254,581,Lit_Ecoli_IntAct,Salmonella_enterica_serovar_Agona_SL483,PPI
SeAg_B3183,SeAg_B3183,B5F4X6,SeAg_B2945,csrA,B5F349,162,4235,Lit_Ecoli_IntAct,Salmonella_enterica_serovar_Agona_SL483,PPI
SeAg_B3185,SeAg_B3185,B5F4X8,SeAg_B3941,waaA,B5EXD8,4451,1998,Lit_Ecoli_IntAct,Salmonella_enterica_serovar_Agona_SL483,PPI
SeAg_B3185,SeAg_B3185,B5F4X8,SeAg_B2301,SeAg_B2301,B5EXZ6,4451,404,Lit_Ecoli_IntAct,Salmonella_enterica_serovar_Agona_SL483,PPI
SeAg_B3185,SeAg_B3185,B5F4X8,SeAg_B3999,SeAg_B3999,B5EY48,4451,2804,Lit_Ecoli_IntAct,Salmonella_enterica_serovar_Agona_SL483,PPI
SeAg_B3185,SeAg_B3185,B5F4X8,SeAg_B2314,SeAg_B2314,B5EYL9,4451,98,Lit_Ecoli_IntAct,Salmonella_enterica_serovar_Agona_SL483,PPI
SeAg_B3185,SeAg_B3185,B5F4X8,SeAg_B0812,galE,B5F054,4451,3536,Lit_Ecoli_IntAct,Salmonella_enterica_serovar_Agona_SL483,PPI
SeAg_B3185,SeAg_B3185,B5F4X8,SeAg_B0853,SeAg_B0853,B5F095,4451,1224,Lit_Ecoli_IntAct,Salmonella_enterica_serovar_Agona_SL483,PPI
SeAg_B3185,SeAg_B3185,B5F4X8,SeAg_B4610,SeAg_B4610,B5F2L2,4451,482,Lit_Ecoli_IntAct,Salmonella_enterica_serovar_Agona_SL483,PPI
SeAg_B3185,SeAg_B3185,B5F4X8,SeAg_B0118,thiP,B5F7U1,4451,2597,Lit_Ecoli_IntAct,Salmonella_enterica_serovar_Agona_SL483,PPI
SeAg_B3185,SeAg_B3185,B5F4X8,SeAg_B0147,ddl,B5F7W6,4451,1913,Lit_Ecoli_IntAct,Salmonella_enterica_serovar_Agona_SL483,PPI
SeAg_B3185,SeAg_B3185,B5F4X8,SeAg_B0153,secA,B5F7X1,4451,2356,Lit_Ecoli_IntAct,Salmonella_enterica_serovar_Agona_SL483,PPI
SeAg_B4857,SeAg_B4857,B5F4Z7,SeAg_B4142,trxA,B5EZ41,567,3171,IntAct,Salmonella_enterica_serovar_Agona_SL483,PPI
SeAg_B4864,SeAg_B4864,B5F502,SeAg_B4066,dnaA,B5EYX2,698,195,IntAct,Salmonella_enterica_serovar_Agona_SL483,PPI
SeAg_B4864,SeAg_B4864,B5F502,SeAg_B4503,dnaB,B5F1R4,698,1004,Lit_Ecoli_IntAct,Salmonella_enterica_serovar_Agona_SL483,PPI
SeAg_B4865,SeAg_B4865,B5F503,SeAg_B4503,dnaB,B5F1R4,4291,1004,IntAct,Salmonella_enterica_serovar_Agona_SL483,PPI
SeAg_B4871,SeAg_B4871,B5F509,SeAg_B0469,SeAg_B0469,B5EXH0,1758,253,Lit_Ecoli_IntAct,Salmonella_enterica_serovar_Agona_SL483,PPI
SeAg_B4871,SeAg_B4871,B5F509,SeAg_B0662,citE,B5EYL2,1758,220,Lit_Ecoli_IntAct,Salmonella_enterica_serovar_Agona_SL483,PPI
SeAg_B4871,SeAg_B4871,B5F509,SeAg_B4142,trxA,B5EZ41,1758,3171,Lit_Ecoli_IntAct,Salmonella_enterica_serovar_Agona_SL483,PPI
SeAg_B4871,SeAg_B4871,B5F509,SeAg_B3164,SeAg_B3164,B5F4V9,1758,2198,Lit_Ecoli_IntAct,Salmonella_enterica_serovar_Agona_SL483,PPI
SeAg_B4871,SeAg_B4871,B5F509,SeAg_B3786,nikR,B5F9E6,1758,2652,Lit_Ecoli_IntAct,Salmonella_enterica_serovar_Agona_SL483,PPI
SeAg_B4872,SeAg_B4872,B5F510,SeAg_B2006,flgJ,B5F925,260,2165,IntAct,Salmonella_enterica_serovar_Agona_SL483,PPI
SeAg_B4878,holD,B5F513,SeAg_B4762,holC,B5F464,2169,156,Lit_Ecoli_IntAct_Interactome3d,Salmonella_enterica_serovar_Agona_SL483,PPI
SeAg_B4879,rimI,B5F514,SeAg_B1311,SeAg_B1311,B5F3S1,949,3487,Lit_Ecoli_IntAct,Salmonella_enterica_serovar_Agona_SL483,PPI
SeAg_B4882,osmY,B5F517,SeAg_B3782,SeAg_B3782,B5F9E2,127,1265,Lit_Ecoli_IntAct,Salmonella_enterica_serovar_Agona_SL483,PPI
SeAg_B4886,SeAg_B4886,B5F521,SeAg_B0428,SeAg_B0428,B5EWS3,358,2672,Lit_Ecoli_IntAct,Salmonella_enterica_serovar_Agona_SL483,PPI
SeAg_B4886,SeAg_B4886,B5F521,SeAg_B0486,SeAg_B0486,B5EXI6,358,2567,Lit_Ecoli_IntAct,Salmonella_enterica_serovar_Agona_SL483,PPI
SeAg_B4886,SeAg_B4886,B5F521,SeAg_B4021,ilvN,B5EY69,358,1245,Lit_Ecoli_IntAct,Salmonella_enterica_serovar_Agona_SL483,PPI
SeAg_B4886,SeAg_B4886,B5F521,SeAg_B4177,xerC,B5EZS5,358,3220,Lit_Ecoli_IntAct,Salmonella_enterica_serovar_Agona_SL483,PPI
SeAg_B4886,SeAg_B4886,B5F521,SeAg_B0812,galE,B5F054,358,3536,Lit_Ecoli_IntAct,Salmonella_enterica_serovar_Agona_SL483,PPI
SeAg_B4886,SeAg_B4886,B5F521,SeAg_B0815,SeAg_B0815,B5F057,358,710,Lit_Ecoli_IntAct,Salmonella_enterica_serovar_Agona_SL483,PPI
SeAg_B4886,SeAg_B4886,B5F521,SeAg_B2721,SeAg_B2721,B5F1E2,358,2537,Lit_Ecoli_IntAct,Salmonella_enterica_serovar_Agona_SL483,PPI
SeAg_B4886,SeAg_B4886,B5F521,SeAg_B1319,minC,B5F3S8,358,970,Lit_Ecoli_IntAct,Salmonella_enterica_serovar_Agona_SL483,PPI
SeAg_B4886,SeAg_B4886,B5F521,SeAg_B1333,ldcA,B5F4E7,358,2164,Lit_Ecoli_IntAct,Salmonella_enterica_serovar_Agona_SL483,PPI
SeAg_B4886,SeAg_B4886,B5F521,SeAg_B3708,SeAg_B3708,B5F8M3,358,2437,Lit_Ecoli_IntAct,Salmonella_enterica_serovar_Agona_SL483,PPI
SeAg_B4886,SeAg_B4886,B5F521,SeAg_B3796,SeAg_B3796,B5F9F6,358,4197,Lit_Ecoli_IntAct,Salmonella_enterica_serovar_Agona_SL483,PPI
SeAg_B4891,deoB,B5F526,SeAg_B1285,proQ,B5F3P7,1641,2695,Lit_Ecoli_IntAct,Salmonella_enterica_serovar_Agona_SL483,PPI
SeAg_B4895,SeAg_B4895,B5F530,SeAg_B3663,crp,B5F8H8,3903,2484,Lit_Ecoli_IntAct,Salmonella_enterica_serovar_Agona_SL483,PPI
SeAg_B4903,radA,B5F537,SeAg_B0656,SeAg_B0656,B5EYK6,691,2799,Lit_Ecoli_IntAct,Salmonella_enterica_serovar_Agona_SL483,PPI
SeAg_B4912,SeAg_B4912,B5F546,SeAg_B2980,hypE,B5F3U1,483,71,Lit_Ecoli_IntAct,Salmonella_enterica_serovar_Agona_SL483,PPI
SeAg_B4912,SeAg_B4912,B5F546,SeAg_B4913,SeAg_B4913,B5F547,483,1606,Lit_Ecoli_IntAct,Salmonella_enterica_serovar_Agona_SL483,PPI
SeAg_B4922,arcA,B5F555,SeAg_B4305,cpxR,B5F0P3,2438,290,IntAct_Interactome3d,Salmonella_enterica_serovar_Agona_SL483,PPI
SeAg_B4922,arcA,B5F555,SeAg_B3367,tolC,B5F679,2438,559,IntAct,Salmonella_enterica_serovar_Agona_SL483,PPI
SeAg_B1447,SeAg_B1447,B5F570,SeAg_B2306,SeAg_B2306,B5EY01,2142,968,IntAct,Salmonella_enterica_serovar_Agona_SL483,PPI
SeAg_B1453,SeAg_B1453,B5F575,SeAg_B1196,flhD,B5F2V9,1152,1977,Interactome3d,Salmonella_enterica_serovar_Agona_SL483,PPI
SeAg_B1460,pspA,B5F582,SeAg_B1462,pspC,B5F584,556,159,IntAct,Salmonella_enterica_serovar_Agona_SL483,PPI
SeAg_B1460,pspA,B5F582,SeAg_B3519,SeAg_B3519,B5F6X9,556,2803,IntAct,Salmonella_enterica_serovar_Agona_SL483,PPI
SeAg_B1461,pspB,B5F583,SeAg_B3519,SeAg_B3519,B5F6X9,3268,2803,IntAct,Salmonella_enterica_serovar_Agona_SL483,PPI
SeAg_B1462,pspC,B5F584,SeAg_B3519,SeAg_B3519,B5F6X9,159,2803,IntAct,Salmonella_enterica_serovar_Agona_SL483,PPI
SeAg_B1464,SeAg_B1464,B5F586,SeAg_B2661,xseA,B5F187,3207,300,Lit_Ecoli_IntAct,Salmonella_enterica_serovar_Agona_SL483,PPI
SeAg_B1488,SeAg_B1488,B5F5B0,SeAg_B3853,SeAg_B3853,B5EX51,4078,2271,Lit_Ecoli_IntAct,Salmonella_enterica_serovar_Agona_SL483,PPI
SeAg_B1488,SeAg_B1488,B5F5B0,SeAg_B0589,SeAg_B0589,B5EYE3,4078,2271,Lit_Ecoli_IntAct,Salmonella_enterica_serovar_Agona_SL483,PPI
SeAg_B1490,uspE,B5F5B2,SeAg_B0653,SeAg_B0653,B5EYK4,1387,466,Interactome3d,Salmonella_enterica_serovar_Agona_SL483,PPI
SeAg_B1519,SeAg_B1519,B5F5D7,SeAg_B1035,SeAg_B1035,B5F1W1,3248,316,IntAct,Salmonella_enterica_serovar_Agona_SL483,PPI
SeAg_B1519,SeAg_B1519,B5F5D7,SeAg_B2763,SeAg_B2763,B5F234,3248,14,IntAct,Salmonella_enterica_serovar_Agona_SL483,PPI
SeAg_B1519,SeAg_B1519,B5F5D7,SeAg_B1319,minC,B5F3S8,3248,970,IntAct,Salmonella_enterica_serovar_Agona_SL483,PPI
SeAg_B1519,SeAg_B1519,B5F5D7,SeAg_B3066,cas1,B5F420,3248,3242,IntAct,Salmonella_enterica_serovar_Agona_SL483,PPI
SeAg_B1519,SeAg_B1519,B5F5D7,SeAg_B3577,SeAg_B3577,B5F7P6,3248,2370,IntAct,Salmonella_enterica_serovar_Agona_SL483,PPI
SeAg_B1529,SeAg_B1529,B5F5E7,SeAg_B4153,wecF,B5EZ52,1254,453,Lit_Ecoli_IntAct,Salmonella_enterica_serovar_Agona_SL483,PPI
SeAg_B1529,SeAg_B1529,B5F5E7,SeAg_B3696,hslR,B5F8L1,1254,581,Lit_Ecoli_IntAct,Salmonella_enterica_serovar_Agona_SL483,PPI
SeAg_B1531,SeAg_B1531,B5F5E9,SeAg_B3806,SeAg_B3806,B5F9G6,3614,1691,Lit_Ecoli_IntAct,Salmonella_enterica_serovar_Agona_SL483,PPI
SeAg_B1533,SeAg_B1533,B5F5F1,SeAg_B4167,cyaA,B5EZ61,113,331,Lit_Ecoli_IntAct,Salmonella_enterica_serovar_Agona_SL483,PPI
SeAg_B3198,recJ,B5F5G5,SeAg_B1877,topB,B5F853,3078,2038,Lit_Ecoli_IntAct,Salmonella_enterica_serovar_Agona_SL483,PPI
SeAg_B3199,SeAg_B3199,B5F5G6,SeAg_B4601,dipZ,B5F2K3,1179,1334,Interactome3d,Salmonella_enterica_serovar_Agona_SL483,PPI
SeAg_B3200,xerD,B5F5G7,SeAg_B4177,xerC,B5EZS5,3906,3220,Interactome3d,Salmonella_enterica_serovar_Agona_SL483,PPI
SeAg_B3204,SeAg_B3204,B5F5H0,SeAg_B0637,entA,B5EYI9,3595,3447,Lit_Ecoli_IntAct,Salmonella_enterica_serovar_Agona_SL483,PPI
SeAg_B3204,SeAg_B3204,B5F5H0,SeAg_B0767,sdhA,B5EZF7,3595,3736,Lit_Ecoli_IntAct,Salmonella_enterica_serovar_Agona_SL483,PPI
SeAg_B3210,gcvP,B5F5H7,SeAg_B3212,gcvH,B5F5H9,836,704,Lit_Ecoli_IntAct,Salmonella_enterica_serovar_Agona_SL483,PPI
SeAg_B3212,gcvH,B5F5H9,SeAg_B1319,minC,B5F3S8,704,970,Lit_Ecoli_IntAct,Salmonella_enterica_serovar_Agona_SL483,PPI
SeAg_B3212,gcvH,B5F5H9,SeAg_B4899,lplA,B5F534,704,551,Interactome3d,Salmonella_enterica_serovar_Agona_SL483,PPI
SeAg_B3212,gcvH,B5F5H9,SeAg_B3213,gcvT,B5F5I0,704,1583,Interactome3d,Salmonella_enterica_serovar_Agona_SL483,PPI
SeAg_B3216,ubiH,B5F5I3,SeAg_B0664,citC,B5EYL4,2666,2843,Lit_Ecoli_IntAct,Salmonella_enterica_serovar_Agona_SL483,PPI
SeAg_B3216,ubiH,B5F5I3,SeAg_B4070,trmE,B5EYX6,2666,2909,Lit_Ecoli_IntAct,Salmonella_enterica_serovar_Agona_SL483,PPI
SeAg_B3218,SeAg_B3218,B5F5I5,SeAg_B4190,pldB,B5EZT8,1257,3534,Lit_Ecoli_IntAct,Salmonella_enterica_serovar_Agona_SL483,PPI
SeAg_B3218,SeAg_B3218,B5F5I5,SeAg_B1285,proQ,B5F3P7,1257,2695,Lit_Ecoli_IntAct,Salmonella_enterica_serovar_Agona_SL483,PPI
SeAg_B3218,SeAg_B3218,B5F5I5,SeAg_B3487,SeAg_B3487,B5F6U8,1257,2369,Lit_Ecoli_IntAct,Salmonella_enterica_serovar_Agona_SL483,PPI
SeAg_B3218,SeAg_B3218,B5F5I5,SeAg_B3577,SeAg_B3577,B5F7P6,1257,2370,Lit_Ecoli_IntAct,Salmonella_enterica_serovar_Agona_SL483,PPI
SeAg_B3219,SeAg_B3219,B5F5I6,SeAg_B4334,SeAg_B4334,B5F0R9,1540,2200,IntAct,Salmonella_enterica_serovar_Agona_SL483,PPI
SeAg_B3232,epd,B5F5J5,SeAg_B1885,gapA,B5F861,1549,161,IntAct_Interactome3d,Salmonella_enterica_serovar_Agona_SL483,PPI
SeAg_B3249,speA,B5F5L1,SeAg_B2695,hscB,B5F1B7,2037,273,Lit_Ecoli_IntAct,Salmonella_enterica_serovar_Agona_SL483,PPI
SeAg_B3249,speA,B5F5L1,SeAg_B2963,SeAg_B2963,B5F367,2037,3570,Lit_Ecoli_IntAct,Salmonella_enterica_serovar_Agona_SL483,PPI
SeAg_B3252,metK,B5F5L4,SeAg_B4608,groEL,B5F2L0,93,1880,IntAct,Salmonella_enterica_serovar_Agona_SL483,PPI
SeAg_B3252,metK,B5F5L4,SeAg_B1138,fliR,B5F2Q6,93,2349,IntAct,Salmonella_enterica_serovar_Agona_SL483,PPI
SeAg_B3252,metK,B5F5L4,SeAg_B1158,SeAg_B1158,B5F2S6,93,3288,IntAct,Salmonella_enterica_serovar_Agona_SL483,PPI
SeAg_B3252,metK,B5F5L4,SeAg_B1200,SeAg_B1200,B5F2W3,93,1259,IntAct,Salmonella_enterica_serovar_Agona_SL483,PPI
SeAg_B3262,SeAg_B3262,B5F5M4,SeAg_B1236,pykA,B5F3K3,2985,3071,Lit_Ecoli_IntAct,Salmonella_enterica_serovar_Agona_SL483,PPI
SeAg_B3263,SeAg_B3263,B5F5M5,SeAg_B0087,SeAg_B0087,B5F759,270,2000,Lit_Ecoli_IntAct,Salmonella_enterica_serovar_Agona_SL483,PPI
SeAg_B3264,SeAg_B3264,B5F5M6,SeAg_B2521,SeAg_B2521,B5EZR3,1225,657,Lit_Ecoli_IntAct,Salmonella_enterica_serovar_Agona_SL483,PPI
SeAg_B3265,SeAg_B3265,B5F5M7,SeAg_B2172,SeAg_B2172,B5EX15,2483,3646,Lit_Ecoli_IntAct,Salmonella_enterica_serovar_Agona_SL483,PPI
SeAg_B3265,SeAg_B3265,B5F5M7,SeAg_B2609,eutN,B5F0J3,2483,3646,Lit_Ecoli_IntAct,Salmonella_enterica_serovar_Agona_SL483,PPI
SeAg_B3265,SeAg_B3265,B5F5M7,SeAg_B2782,SeAg_B2782,B5F250,2483,1273,Lit_Ecoli_IntAct,Salmonella_enterica_serovar_Agona_SL483,PPI
SeAg_B3265,SeAg_B3265,B5F5M7,SeAg_B2849,SeAg_B2849,B5F2B2,2483,1273,Lit_Ecoli_IntAct,Salmonella_enterica_serovar_Agona_SL483,PPI
SeAg_B3265,SeAg_B3265,B5F5M7,SeAg_B1671,SeAg_B1671,B5F6E4,2483,623,Lit_Ecoli_IntAct,Salmonella_enterica_serovar_Agona_SL483,PPI
SeAg_B3266,rdgB,B5F5M8,SeAg_B4644,purA,B5F392,654,1431,Biogrid,Salmonella_enterica_serovar_Agona_SL483,PPI
SeAg_B3267,SeAg_B3267,B5F5M9,SeAg_B2963,SeAg_B2963,B5F367,1110,3570,Lit_Ecoli_IntAct,Salmonella_enterica_serovar_Agona_SL483,PPI
SeAg_B3267,SeAg_B3267,B5F5M9,SeAg_B3323,hybO,B5F637,1110,2290,Lit_Ecoli_IntAct,Salmonella_enterica_serovar_Agona_SL483,PPI
SeAg_B3267,SeAg_B3267,B5F5M9,SeAg_B0087,SeAg_B0087,B5F759,1110,2000,Lit_Ecoli_IntAct,Salmonella_enterica_serovar_Agona_SL483,PPI
SeAg_B3267,SeAg_B3267,B5F5M9,SeAg_B3663,crp,B5F8H8,1110,2484,Lit_Ecoli_IntAct,Salmonella_enterica_serovar_Agona_SL483,PPI
SeAg_B3269,ansB,B5F5N1,SeAg_B2527,sixA,B5EZR8,30,102,Lit_Ecoli_IntAct,Salmonella_enterica_serovar_Agona_SL483,PPI
SeAg_B3269,ansB,B5F5N1,SeAg_B4541,SeAg_B4541,B5F2F7,30,232,Lit_Ecoli_IntAct,Salmonella_enterica_serovar_Agona_SL483,PPI
SeAg_B3269,ansB,B5F5N1,SeAg_B3214,SeAg_B3214,B5F5I1,30,3265,Lit_Ecoli_IntAct,Salmonella_enterica_serovar_Agona_SL483,PPI
SeAg_B3269,ansB,B5F5N1,SeAg_B0259,frr,B5F8T3,30,424,Lit_Ecoli_IntAct,Salmonella_enterica_serovar_Agona_SL483,PPI
SeAg_B3272,SeAg_B3272,B5F5N4,SeAg_B3071,cse,B5F425,2118,3831,Lit_Ecoli_IntAct,Salmonella_enterica_serovar_Agona_SL483,PPI
SeAg_B1545,SeAg_B1545,B5F5R4,SeAg_B2951,mltB,B5F355,1079,3509,Lit_Ecoli_IntAct,Salmonella_enterica_serovar_Agona_SL483,PPI
SeAg_B1557,SeAg_B1557,B5F5S6,SeAg_B2829,recN,B5F296,4097,1263,Lit_Ecoli_IntAct,Salmonella_enterica_serovar_Agona_SL483,PPI
SeAg_B1568,SeAg_B1568,B5F5T7,SeAg_B0936,hcr,B5F117,2534,2403,Lit_Ecoli_IntAct,Salmonella_enterica_serovar_Agona_SL483,PPI
SeAg_B1568,SeAg_B1568,B5F5T7,SeAg_B0975,pflA,B5F153,2534,517,Lit_Ecoli_IntAct,Salmonella_enterica_serovar_Agona_SL483,PPI
SeAg_B1568,SeAg_B1568,B5F5T7,SeAg_B1285,proQ,B5F3P7,2534,2695,Lit_Ecoli_IntAct,Salmonella_enterica_serovar_Agona_SL483,PPI
SeAg_B1568,SeAg_B1568,B5F5T7,SeAg_B3272,SeAg_B3272,B5F5N4,2534,2118,Lit_Ecoli_IntAct,Salmonella_enterica_serovar_Agona_SL483,PPI
SeAg_B1568,SeAg_B1568,B5F5T7,SeAg_B0087,SeAg_B0087,B5F759,2534,2000,Lit_Ecoli_IntAct,Salmonella_enterica_serovar_Agona_SL483,PPI
SeAg_B1568,SeAg_B1568,B5F5T7,SeAg_B0259,frr,B5F8T3,2534,424,Lit_Ecoli_IntAct,Salmonella_enterica_serovar_Agona_SL483,PPI
SeAg_B1582,narW,B5F5V1,SeAg_B1015,pepN,B5F1U1,3079,3822,Lit_Ecoli_IntAct,Salmonella_enterica_serovar_Agona_SL483,PPI
SeAg_B1582,narW,B5F5V1,SeAg_B1376,narG,B5F4I9,3079,65,Lit_Ecoli_IntAct,Salmonella_enterica_serovar_Agona_SL483,PPI
SeAg_B1582,narW,B5F5V1,SeAg_B1377,narH,B5F4J0,3079,3872,Lit_Ecoli_IntAct,Salmonella_enterica_serovar_Agona_SL483,PPI
SeAg_B1582,narW,B5F5V1,SeAg_B3406,SeAg_B3406,B5F6B5,3079,2940,Lit_Ecoli_IntAct,Salmonella_enterica_serovar_Agona_SL483,PPI
SeAg_B1583,narY,B5F5V2,SeAg_B1015,pepN,B5F1U1,885,3822,Lit_Ecoli_IntAct,Salmonella_enterica_serovar_Agona_SL483,PPI
SeAg_B1583,narY,B5F5V2,SeAg_B1376,narG,B5F4I9,885,65,Lit_Ecoli_IntAct_Interactome3d,Salmonella_enterica_serovar_Agona_SL483,PPI
SeAg_B1583,narY,B5F5V2,SeAg_B1377,narH,B5F4J0,885,3872,Lit_Ecoli_IntAct_Interactome3d,Salmonella_enterica_serovar_Agona_SL483,PPI
SeAg_B1583,narY,B5F5V2,SeAg_B1582,narW,B5F5V1,885,3079,Lit_Ecoli_IntAct,Salmonella_enterica_serovar_Agona_SL483,PPI
SeAg_B1583,narY,B5F5V2,SeAg_B3406,SeAg_B3406,B5F6B5,885,2940,Lit_Ecoli_IntAct,Salmonella_enterica_serovar_Agona_SL483,PPI
SeAg_B1584,SeAg_B1584,B5F5V3,SeAg_B1015,pepN,B5F1U1,3828,3822,Lit_Ecoli_IntAct,Salmonella_enterica_serovar_Agona_SL483,PPI
SeAg_B1584,SeAg_B1584,B5F5V3,SeAg_B1377,narH,B5F4J0,3828,3872,Lit_Ecoli_IntAct_Interactome3d,Salmonella_enterica_serovar_Agona_SL483,PPI
SeAg_B1584,SeAg_B1584,B5F5V3,SeAg_B1378,narJ,B5F4J1,3828,3138,IntAct,Salmonella_enterica_serovar_Agona_SL483,PPI
SeAg_B1584,SeAg_B1584,B5F5V3,SeAg_B1582,narW,B5F5V1,3828,3079,Lit_Ecoli_IntAct,Salmonella_enterica_serovar_Agona_SL483,PPI
SeAg_B1596,fdnH,B5F5W2,SeAg_B1597,SeAg_B1597,B5F5W3,3962,1673,Interactome3d,Salmonella_enterica_serovar_Agona_SL483,PPI
SeAg_B1599,SeAg_B1599,B5F5W5,SeAg_B3091,SeAg_B3091,B5F4P5,4292,522,Lit_Ecoli_IntAct,Salmonella_enterica_serovar_Agona_SL483,PPI
SeAg_B1599,SeAg_B1599,B5F5W5,SeAg_B4895,SeAg_B4895,B5F530,4292,3903,Lit_Ecoli_IntAct,Salmonella_enterica_serovar_Agona_SL483,PPI
SeAg_B1599,SeAg_B1599,B5F5W5,SeAg_B0235,SeAg_B0235,B5F8R1,4292,522,Lit_Ecoli_IntAct,Salmonella_enterica_serovar_Agona_SL483,PPI
SeAg_B1602,SeAg_B1602,B5F5W8,SeAg_B0259,frr,B5F8T3,378,424,Lit_Ecoli_IntAct,Salmonella_enterica_serovar_Agona_SL483,PPI
SeAg_B1638,SeAg_B1638,B5F604,SeAg_B1348,SeAg_B1348,B5F4G1,1761,3144,Lit_Ecoli_IntAct,Salmonella_enterica_serovar_Agona_SL483,PPI
SeAg_B1638,SeAg_B1638,B5F604,SeAg_B1632,SeAg_B1632,B5F5Z8,1761,3144,Lit_Ecoli_IntAct,Salmonella_enterica_serovar_Agona_SL483,PPI
SeAg_B1644,SeAg_B1644,B5F609,SeAg_B4648,SeAg_B4648,B5F396,3455,469,Lit_Ecoli_IntAct,Salmonella_enterica_serovar_Agona_SL483,PPI
SeAg_B3312,SeAg_B3312,B5F626,SeAg_B4302,SeAg_B4302,B5F0P0,1719,272,IntAct,Salmonella_enterica_serovar_Agona_SL483,PPI
SeAg_B3316,hypC,B5F630,SeAg_B2970,hycE,B5F374,3620,126,Lit_Ecoli_IntAct,Salmonella_enterica_serovar_Agona_SL483,PPI
SeAg_B3317,hypA,B5F631,SeAg_B0008,mogA,B5F6Y3,3619,4145,IntAct,Salmonella_enterica_serovar_Agona_SL483,PPI
SeAg_B3318,SeAg_B3318,B5F632,SeAg_B3323,hybO,B5F637,2743,2290,IntAct,Salmonella_enterica_serovar_Agona_SL483,PPI
SeAg_B3323,hybO,B5F637,SeAg_B0664,citC,B5EYL4,2290,2843,Lit_Ecoli_IntAct,Salmonella_enterica_serovar_Agona_SL483,PPI
SeAg_B3323,hybO,B5F637,SeAg_B4656,SeAg_B4656,B5F3A4,2290,2026,Lit_Ecoli_IntAct,Salmonella_enterica_serovar_Agona_SL483,PPI
SeAg_B3333,exbB,B5F647,SeAg_B2462,nuoG,B5EZK4,1712,3846,Lit_Ecoli_IntAct,Salmonella_enterica_serovar_Agona_SL483,PPI
SeAg_B3333,exbB,B5F647,SeAg_B3332,exbD,B5F646,1712,3311,IntAct,Salmonella_enterica_serovar_Agona_SL483,PPI
SeAg_B3362,parE,B5F674,SeAg_B4063,gyrB,B5EYB1,3208,962,IntAct_Interactome3d,Salmonella_enterica_serovar_Agona_SL483,PPI
SeAg_B3367,tolC,B5F679,SeAg_B0517,acrA,B5EXL6,559,2180,IntAct,Salmonella_enterica_serovar_Agona_SL483,PPI
SeAg_B3387,glnE,B5F697,SeAg_B2720,SeAg_B2720,B5F1E1,2219,2233,IntAct,Salmonella_enterica_serovar_Agona_SL483,PPI
SeAg_B3394,gcp,B5F6A4,SeAg_B1124,SeAg_B1124,B5F2P3,532,4014,IntAct,Salmonella_enterica_serovar_Agona_SL483,PPI
SeAg_B3394,gcp,B5F6A4,SeAg_B1311,SeAg_B1311,B5F3S1,532,3487,Lit_Ecoli_IntAct_Interactome3d,Salmonella_enterica_serovar_Agona_SL483,PPI
SeAg_B3395,rpsU,B5F6A5,SeAg_B4671,rpsR,B5F3B9,2521,2540,Interactome3d,Salmonella_enterica_serovar_Agona_SL483,PPI
SeAg_B3395,rpsU,B5F6A5,SeAg_B3612,rpsK,B5F7S3,2521,1517,Interactome3d,Salmonella_enterica_serovar_Agona_SL483,PPI
SeAg_B3395,rpsU,B5F6A5,SeAg_B3644,rpsG,B5F8F9,2521,1032,Interactome3d,Salmonella_enterica_serovar_Agona_SL483,PPI
SeAg_B3396,dnaG,B5F6A6,SeAg_B2602,eutC,B5F0I6,2045,2957,Lit_Ecoli_IntAct,Salmonella_enterica_serovar_Agona_SL483,PPI
SeAg_B3396,dnaG,B5F6A6,SeAg_B4503,dnaB,B5F1R4,2045,1004,IntAct,Salmonella_enterica_serovar_Agona_SL483,PPI
SeAg_B3396,dnaG,B5F6A6,SeAg_B4512,ssb,B5F2C9,2045,1835,IntAct,Salmonella_enterica_serovar_Agona_SL483,PPI
SeAg_B3397,rpoD,B5F6A7,SeAg_B2401,SeAg_B2401,B5EYV1,3123,2884,Lit_Ecoli_IntAct,Salmonella_enterica_serovar_Agona_SL483,PPI
SeAg_B3397,rpoD,B5F6A7,SeAg_B4291,SeAg_B4291,B5F0M9,3123,3396,Lit_Ecoli_IntAct,Salmonella_enterica_serovar_Agona_SL483,PPI
SeAg_B3397,rpoD,B5F6A7,SeAg_B4292,SeAg_B4292,B5F0N0,3123,1476,Lit_Ecoli_IntAct,Salmonella_enterica_serovar_Agona_SL483,PPI
SeAg_B3397,rpoD,B5F6A7,SeAg_B4389,secE,B5F0W1,3123,3041,Lit_Ecoli_IntAct,Salmonella_enterica_serovar_Agona_SL483,PPI
SeAg_B3397,rpoD,B5F6A7,SeAg_B4409,SeAg_B4409,B5F1H8,3123,75,Lit_Ecoli_IntAct_Interactome3d,Salmonella_enterica_serovar_Agona_SL483,PPI
SeAg_B3397,rpoD,B5F6A7,SeAg_B4494,lexA,B5F1Q6,3123,2732,Lit_Ecoli_IntAct,Salmonella_enterica_serovar_Agona_SL483,PPI
SeAg_B3397,rpoD,B5F6A7,SeAg_B4561,SeAg_B4561,B5F2H4,3123,1492,Lit_Ecoli_IntAct,Salmonella_enterica_serovar_Agona_SL483,PPI
SeAg_B3397,rpoD,B5F6A7,SeAg_B4770,idnK,B5F472,3123,33,Lit_Ecoli_IntAct,Salmonella_enterica_serovar_Agona_SL483,PPI
SeAg_B3397,rpoD,B5F6A7,SeAg_B0106,rapA,B5F778,3123,345,Lit_Ecoli_IntAct,Salmonella_enterica_serovar_Agona_SL483,PPI
SeAg_B3397,rpoD,B5F6A7,SeAg_B1856,SeAg_B1856,B5F7H8,3123,3464,Lit_Ecoli_IntAct,Salmonella_enterica_serovar_Agona_SL483,PPI
SeAg_B3397,rpoD,B5F6A7,SeAg_B3610,rpoA,B5F7S1,3123,1508,IntAct_Interactome3d,Salmonella_enterica_serovar_Agona_SL483,PPI
SeAg_B3397,rpoD,B5F6A7,SeAg_B3663,crp,B5F8H8,3123,2484,Lit_Ecoli_IntAct,Salmonella_enterica_serovar_Agona_SL483,PPI
SeAg_B3400,SeAg_B3400,B5F6A9,SeAg_B0689,holA,B5EZ87,537,298,Lit_Ecoli_IntAct,Salmonella_enterica_serovar_Agona_SL483,PPI
SeAg_B3406,SeAg_B3406,B5F6B5,SeAg_B1015,pepN,B5F1U1,2940,3822,Lit_Ecoli_IntAct,Salmonella_enterica_serovar_Agona_SL483,PPI
SeAg_B3406,SeAg_B3406,B5F6B5,SeAg_B1377,narH,B5F4J0,2940,3872,Lit_Ecoli_IntAct,Salmonella_enterica_serovar_Agona_SL483,PPI
SeAg_B3411,SeAg_B3411,B5F6C0,SeAg_B0352,frsA,B5EWK1,3259,103,Lit_Ecoli_IntAct,Salmonella_enterica_serovar_Agona_SL483,PPI
SeAg_B3411,SeAg_B3411,B5F6C0,SeAg_B4215,SeAg_B4215,B5EZW2,3259,787,Lit_Ecoli_IntAct,Salmonella_enterica_serovar_Agona_SL483,PPI
SeAg_B3411,SeAg_B3411,B5F6C0,SeAg_B0969,SeAg_B0969,B5F147,3259,3216,Lit_Ecoli_IntAct,Salmonella_enterica_serovar_Agona_SL483,PPI
SeAg_B3411,SeAg_B3411,B5F6C0,SeAg_B3066,cas1,B5F420,3259,3242,Lit_Ecoli_IntAct,Salmonella_enterica_serovar_Agona_SL483,PPI
SeAg_B1671,SeAg_B1671,B5F6E4,SeAg_B0832,bioC,B5F074,623,3726,Lit_Ecoli_IntAct,Salmonella_enterica_serovar_Agona_SL483,PPI
SeAg_B1671,SeAg_B1671,B5F6E4,SeAg_B0024,SeAg_B0024,B5F6Z9,623,4222,Lit_Ecoli_IntAct,Salmonella_enterica_serovar_Agona_SL483,PPI
SeAg_B1671,SeAg_B1671,B5F6E4,SeAg_B3738,glgX,B5F8Q3,623,1239,Lit_Ecoli_IntAct,Salmonella_enterica_serovar_Agona_SL483,PPI
SeAg_B1677,SeAg_B1677,B5F6F0,SeAg_B1673,SeAg_B1673,B5F6E6,1911,3321,IntAct,Salmonella_enterica_serovar_Agona_SL483,PPI
SeAg_B1677,SeAg_B1677,B5F6F0,SeAg_B1674,SeAg_B1674,B5F6E7,1911,3321,IntAct,Salmonella_enterica_serovar_Agona_SL483,PPI
SeAg_B1683,bioD2,B5F6F6,SeAg_B0100,pdxA,B5F772,3173,310,Lit_Ecoli_IntAct,Salmonella_enterica_serovar_Agona_SL483,PPI
SeAg_B1695,pntA,B5F6G8,SeAg_B1694,pntB,B5F6G7,1187,3189,Interactome3d,Salmonella_enterica_serovar_Agona_SL483,PPI
SeAg_B1696,SeAg_B1696,B5F6G9,SeAg_B4685,SeAg_B4685,B5F3D2,3109,2696,Lit_Ecoli_IntAct,Salmonella_enterica_serovar_Agona_SL483,PPI
SeAg_B1698,SeAg_B1698,B5F6H1,SeAg_B2925,nrdF,B5F335,743,4212,Lit_Ecoli_IntAct,Salmonella_enterica_serovar_Agona_SL483,PPI
SeAg_B1708,SeAg_B1708,B5F6I1,SeAg_B4621,frdA,B5F2M1,175,1770,IntAct,Salmonella_enterica_serovar_Agona_SL483,PPI
SeAg_B1708,SeAg_B1708,B5F6I1,SeAg_B0153,secA,B5F7X1,175,2356,IntAct,Salmonella_enterica_serovar_Agona_SL483,PPI
SeAg_B1711,add,B5F6I4,SeAg_B4142,trxA,B5EZ41,2903,3171,IntAct,Salmonella_enterica_serovar_Agona_SL483,PPI
SeAg_B1714,SeAg_B1714,B5F6I7,SeAg_B0978,pflB2,B5F155,2867,2570,Lit_Ecoli_IntAct,Salmonella_enterica_serovar_Agona_SL483,PPI
SeAg_B1719,SeAg_B1719,B5F6J2,SeAg_B3827,bcsA,B5F9I6,4270,140,Lit_Ecoli_IntAct,Salmonella_enterica_serovar_Agona_SL483,PPI
SeAg_B1737,SeAg_B1737,B5F6L0,SeAg_B0994,kdsB,B5F1S0,2106,2396,Lit_Ecoli_IntAct,Salmonella_enterica_serovar_Agona_SL483,PPI
SeAg_B1744,purR,B5F6L7,SeAg_B1280,SeAg_B1280,B5F3P2,2100,3214,Lit_Ecoli_IntAct,Salmonella_enterica_serovar_Agona_SL483,PPI
SeAg_B3415,SeAg_B3415,B5F6N4,SeAg_B3702,envZ,B5F8L7,2241,3999,IntAct,Salmonella_enterica_serovar_Agona_SL483,PPI
SeAg_B3421,SeAg_B3421,B5F6P0,SeAg_B0716,ubiF,B5EZB3,964,3010,Lit_Ecoli_IntAct,Salmonella_enterica_serovar_Agona_SL483,PPI
SeAg_B3421,SeAg_B3421,B5F6P0,SeAg_B0830,bioB,B5F072,964,1192,Lit_Ecoli_IntAct,Salmonella_enterica_serovar_Agona_SL483,PPI
SeAg_B3421,SeAg_B3421,B5F6P0,SeAg_B0087,SeAg_B0087,B5F759,964,2000,Lit_Ecoli_IntAct,Salmonella_enterica_serovar_Agona_SL483,PPI
SeAg_B3424,SeAg_B3424,B5F6P3,SeAg_B3423,SeAg_B3423,B5F6P2,3148,2419,Lit_Ecoli_IntAct,Salmonella_enterica_serovar_Agona_SL483,PPI
SeAg_B3428,SeAg_B3428,B5F6P7,SeAg_B2532,SeAg_B2532,B5F0C5,2833,433,Lit_Ecoli_IntAct,Salmonella_enterica_serovar_Agona_SL483,PPI
SeAg_B3446,SeAg_B3446,B5F6R2,SeAg_B0259,frr,B5F8T3,271,424,Lit_Ecoli_IntAct,Salmonella_enterica_serovar_Agona_SL483,PPI
SeAg_B3454,SeAg_B3454,B5F6S0,SeAg_B3782,SeAg_B3782,B5F9E2,622,1265,IntAct,Salmonella_enterica_serovar_Agona_SL483,PPI
SeAg_B3463,SeAg_B3463,B5F6S9,SeAg_B1285,proQ,B5F3P7,1369,2695,Lit_Ecoli_IntAct,Salmonella_enterica_serovar_Agona_SL483,PPI
SeAg_B3476,nusA,B5F6T9,SeAg_B0347,SeAg_B0347,B5EWJ6,2754,1616,IntAct,Salmonella_enterica_serovar_Agona_SL483,PPI
SeAg_B3476,nusA,B5F6T9,SeAg_B2760,SeAg_B2760,B5F231,2754,3799,Lit_Ecoli_IntAct,Salmonella_enterica_serovar_Agona_SL483,PPI
SeAg_B3477,SeAg_B3477,B5F6U0,SeAg_B3645,rpsL,B5F8G0,1397,2035,IntAct,Salmonella_enterica_serovar_Agona_SL483,PPI
SeAg_B3479,argG,B5F6U1,SeAg_B3490,dacB,B5F6V1,3845,853,Lit_Ecoli_IntAct,Salmonella_enterica_serovar_Agona_SL483,PPI
SeAg_B3482,secG,B5F6U3,SeAg_B0153,secA,B5F7X1,952,2356,Lit_Ecoli_IntAct_Interactome3d,Salmonella_enterica_serovar_Agona_SL483,PPI
SeAg_B3483,glmM,B5F6U4,SeAg_B4142,trxA,B5EZ41,3243,3171,IntAct,Salmonella_enterica_serovar_Agona_SL483,PPI
SeAg_B3491,obgE,B5F6V2,SeAg_B4142,trxA,B5EZ41,381,3171,IntAct,Salmonella_enterica_serovar_Agona_SL483,PPI
SeAg_B3493,rpmA,B5F6V4,SeAg_B0741,fldA,B5EZD1,27,564,Lit_Ecoli_IntAct,Salmonella_enterica_serovar_Agona_SL483,PPI
SeAg_B3493,rpmA,B5F6V4,SeAg_B3620,rplR,B5F7S9,27,179,Interactome3d,Salmonella_enterica_serovar_Agona_SL483,PPI
SeAg_B3494,rplU,B5F6V5,SeAg_B1837,rplT,B5F7F9,1526,1846,Interactome3d,Salmonella_enterica_serovar_Agona_SL483,PPI
SeAg_B3497,murA,B5F6V8,SeAg_B3853,SeAg_B3853,B5EX51,3758,2271,Lit_Ecoli_IntAct,Salmonella_enterica_serovar_Agona_SL483,PPI
SeAg_B3497,murA,B5F6V8,SeAg_B0589,SeAg_B0589,B5EYE3,3758,2271,Lit_Ecoli_IntAct,Salmonella_enterica_serovar_Agona_SL483,PPI
SeAg_B3497,murA,B5F6V8,SeAg_B3185,SeAg_B3185,B5F4X8,3758,4451,Lit_Ecoli_IntAct,Salmonella_enterica_serovar_Agona_SL483,PPI
SeAg_B3499,SeAg_B3499,B5F6W0,SeAg_B0517,acrA,B5EXL6,2549,2180,Lit_Ecoli_IntAct,Salmonella_enterica_serovar_Agona_SL483,PPI
SeAg_B3505,kdsD,B5F6W6,SeAg_B3185,SeAg_B3185,B5F4X8,1782,4451,Lit_Ecoli_IntAct,Salmonella_enterica_serovar_Agona_SL483,PPI
SeAg_B3508,lptA,B5F6W9,SeAg_B3507,SeAg_B3507,B5F6W8,2253,1207,IntAct,Salmonella_enterica_serovar_Agona_SL483,PPI
SeAg_B3508,lptA,B5F6W9,SeAg_B0102,imp,B5F774,2253,1024,IntAct_Interactome3d,Salmonella_enterica_serovar_Agona_SL483,PPI
SeAg_B3512,ptsN,B5F6X3,SeAg_B3154,SeAg_B3154,B5F4V1,2691,467,Lit_Ecoli_IntAct,Salmonella_enterica_serovar_Agona_SL483,PPI
SeAg_B3512,ptsN,B5F6X3,SeAg_B3577,SeAg_B3577,B5F7P6,2691,2370,Lit_Ecoli_IntAct,Salmonella_enterica_serovar_Agona_SL483,PPI
SeAg_B3516,mtgA,B5F6X7,SeAg_B4339,ftsN,B5F0S4,3795,2083,IntAct,Salmonella_enterica_serovar_Agona_SL483,PPI
SeAg_B3516,mtgA,B5F6X7,SeAg_B0139,ftsI,B5F7V8,3795,3143,Lit_Ecoli_IntAct,Salmonella_enterica_serovar_Agona_SL483,PPI
SeAg_B3516,mtgA,B5F6X7,SeAg_B0144,ftsW,B5F7W3,3795,3007,IntAct,Salmonella_enterica_serovar_Agona_SL483,PPI
SeAg_B3517,elbB,B5F6X8,SeAg_B3577,SeAg_B3577,B5F7P6,131,2370,Lit_Ecoli_IntAct,Salmonella_enterica_serovar_Agona_SL483,PPI
SeAg_B3519,SeAg_B3519,B5F6X9,SeAg_B2369,SeAg_B2369,B5EYS2,2803,3746,Lit_Ecoli_IntAct,Salmonella_enterica_serovar_Agona_SL483,PPI
SeAg_B3519,SeAg_B3519,B5F6X9,SeAg_B1206,cheY,B5F2W9,2803,2383,Interactome3d,Salmonella_enterica_serovar_Agona_SL483,PPI
SeAg_B0008,mogA,B5F6Y3,SeAg_B0887,moeA,B5F0X0,4145,306,IntAct,Salmonella_enterica_serovar_Agona_SL483,PPI
SeAg_B0008,mogA,B5F6Y3,SeAg_B1224,SeAg_B1224,B5F3J1,4145,3350,Lit_Ecoli_IntAct,Salmonella_enterica_serovar_Agona_SL483,PPI
SeAg_B0008,mogA,B5F6Y3,SeAg_B1849,SeAg_B1849,B5F7H1,4145,4006,IntAct,Salmonella_enterica_serovar_Agona_SL483,PPI
SeAg_B0010,SeAg_B0010,B5F6Y5,SeAg_B1884,msrB,B5F860,3326,3580,IntAct,Salmonella_enterica_serovar_Agona_SL483,PPI
SeAg_B0010,SeAg_B0010,B5F6Y5,SeAg_B2014,flgB,B5F933,3326,194,IntAct,Salmonella_enterica_serovar_Agona_SL483,PPI
SeAg_B0013,dnaK,B5F6Y8,SeAg_B0532,htpG,B5EXM9,2512,3276,Lit_Ecoli_IntAct,Salmonella_enterica_serovar_Agona_SL483,PPI
SeAg_B0013,dnaK,B5F6Y8,SeAg_B1071,SeAg_B1071,B5F1Z5,2512,2080,Lit_Ecoli_IntAct,Salmonella_enterica_serovar_Agona_SL483,PPI
SeAg_B0013,dnaK,B5F6Y8,SeAg_B2828,grpE,B5F294,2512,2344,IntAct_Interactome3d,Salmonella_enterica_serovar_Agona_SL483,PPI
SeAg_B0013,dnaK,B5F6Y8,SeAg_B2970,hycE,B5F374,2512,126,IntAct,Salmonella_enterica_serovar_Agona_SL483,PPI
SeAg_B0013,dnaK,B5F6Y8,SeAg_B0014,dnaJ,B5F6Y9,2512,1436,IntAct,Salmonella_enterica_serovar_Agona_SL483,PPI
SeAg_B0025,SeAg_B0025,B5F700,SeAg_B4916,SeAg_B4916,B5F550,2098,1199,IntAct,Salmonella_enterica_serovar_Agona_SL483,PPI
SeAg_B0051,ileS,B5F724,SeAg_B0472,SeAg_B0472,B5EXH3,3113,1011,Biogrid,Salmonella_enterica_serovar_Agona_SL483,PPI
SeAg_B0051,ileS,B5F724,SeAg_B4111,rbsB,B5EZ17,3113,1348,Lit_Ecoli_IntAct,Salmonella_enterica_serovar_Agona_SL483,PPI
SeAg_B0051,ileS,B5F724,SeAg_B0836,SeAg_B0836,B5F078,3113,3202,Lit_Ecoli_IntAct,Salmonella_enterica_serovar_Agona_SL483,PPI
SeAg_B0051,ileS,B5F724,SeAg_B2571,ligA,B5F0F5,3113,2114,Lit_Ecoli_IntAct,Salmonella_enterica_serovar_Agona_SL483,PPI
SeAg_B0051,ileS,B5F724,SeAg_B1345,hybD,B5F4F8,3113,543,Lit_Ecoli_IntAct,Salmonella_enterica_serovar_Agona_SL483,PPI
SeAg_B0059,SeAg_B0059,B5F732,SeAg_B2602,eutC,B5F0I6,2976,2957,Lit_Ecoli_IntAct,Salmonella_enterica_serovar_Agona_SL483,PPI
SeAg_B0059,SeAg_B0059,B5F732,SeAg_B1319,minC,B5F3S8,2976,970,Lit_Ecoli_IntAct,Salmonella_enterica_serovar_Agona_SL483,PPI
SeAg_B0059,SeAg_B0059,B5F732,SeAg_B4886,SeAg_B4886,B5F521,2976,358,Lit_Ecoli_IntAct,Salmonella_enterica_serovar_Agona_SL483,PPI
SeAg_B0059,SeAg_B0059,B5F732,SeAg_B3323,hybO,B5F637,2976,2290,Lit_Ecoli_IntAct,Salmonella_enterica_serovar_Agona_SL483,PPI
SeAg_B0073,carA,B5F746,SeAg_B2369,SeAg_B2369,B5EYS2,1858,3746,Lit_Ecoli_IntAct,Salmonella_enterica_serovar_Agona_SL483,PPI
SeAg_B0074,carB,B5F747,SeAg_B0073,carA,B5F746,1521,1858,Lit_Ecoli_IntAct_Interactome3d,Salmonella_enterica_serovar_Agona_SL483,PPI
SeAg_B0077,SeAg_B0077,B5F749,SeAg_B1437,acnA,B5F560,871,2511,Lit_Ecoli_IntAct,Salmonella_enterica_serovar_Agona_SL483,PPI
SeAg_B0085,fixB,B5F757,SeAg_B4302,SeAg_B4302,B5F0P0,1075,272,Lit_Ecoli_IntAct,Salmonella_enterica_serovar_Agona_SL483,PPI
SeAg_B0085,fixB,B5F757,SeAg_B3312,SeAg_B3312,B5F626,1075,1719,Lit_Ecoli_IntAct,Salmonella_enterica_serovar_Agona_SL483,PPI
SeAg_B0085,fixB,B5F757,SeAg_B0084,fixA,B5F756,1075,250,Lit_Ecoli_IntAct,Salmonella_enterica_serovar_Agona_SL483,PPI
SeAg_B0085,fixB,B5F757,SeAg_B3717,malT,B5F8N2,1075,1035,Lit_Ecoli_IntAct,Salmonella_enterica_serovar_Agona_SL483,PPI
SeAg_B0087,SeAg_B0087,B5F759,SeAg_B0428,SeAg_B0428,B5EWS3,2000,2672,Lit_Ecoli_IntAct,Salmonella_enterica_serovar_Agona_SL483,PPI
SeAg_B0087,SeAg_B0087,B5F759,SeAg_B3898,SeAg_B3898,B5EX95,2000,3180,Lit_Ecoli_IntAct,Salmonella_enterica_serovar_Agona_SL483,PPI
SeAg_B0087,SeAg_B0087,B5F759,SeAg_B3904,SeAg_B3904,B5EXA1,2000,3724,Lit_Ecoli_IntAct,Salmonella_enterica_serovar_Agona_SL483,PPI
SeAg_B0087,SeAg_B0087,B5F759,SeAg_B0455,ribD,B5EXF7,2000,1855,Lit_Ecoli_IntAct,Salmonella_enterica_serovar_Agona_SL483,PPI
SeAg_B0087,SeAg_B0087,B5F759,SeAg_B0565,hyi,B5EYB9,2000,1567,Lit_Ecoli_IntAct,Salmonella_enterica_serovar_Agona_SL483,PPI
SeAg_B0087,SeAg_B0087,B5F759,SeAg_B0689,holA,B5EZ87,2000,298,Lit_Ecoli_IntAct,Salmonella_enterica_serovar_Agona_SL483,PPI
SeAg_B0087,SeAg_B0087,B5F759,SeAg_B2435,SeAg_B2435,B5EZH8,2000,2125,Lit_Ecoli_IntAct,Salmonella_enterica_serovar_Agona_SL483,PPI
SeAg_B0087,SeAg_B0087,B5F759,SeAg_B2510,truA,B5EZQ2,2000,3318,Lit_Ecoli_IntAct,Salmonella_enterica_serovar_Agona_SL483,PPI
SeAg_B0087,SeAg_B0087,B5F759,SeAg_B0812,galE,B5F054,2000,3536,Lit_Ecoli_IntAct,Salmonella_enterica_serovar_Agona_SL483,PPI
SeAg_B0087,SeAg_B0087,B5F759,SeAg_B4380,murB,B5F0V6,2000,2595,Lit_Ecoli_IntAct,Salmonella_enterica_serovar_Agona_SL483,PPI
SeAg_B0087,SeAg_B0087,B5F759,SeAg_B0947,clpA,B5F128,2000,2135,Lit_Ecoli_IntAct,Salmonella_enterica_serovar_Agona_SL483,PPI
SeAg_B0087,SeAg_B0087,B5F759,SeAg_B2757,ung,B5F228,2000,3638,Lit_Ecoli_IntAct,Salmonella_enterica_serovar_Agona_SL483,PPI
SeAg_B0087,SeAg_B0087,B5F759,SeAg_B2814,aroF,B5F282,2000,92,Lit_Ecoli_IntAct,Salmonella_enterica_serovar_Agona_SL483,PPI
SeAg_B0087,SeAg_B0087,B5F759,SeAg_B4656,SeAg_B4656,B5F3A4,2000,2026,Lit_Ecoli_IntAct,Salmonella_enterica_serovar_Agona_SL483,PPI
SeAg_B0087,SeAg_B0087,B5F759,SeAg_B3036,SeAg_B3036,B5F3Z4,2000,1567,Lit_Ecoli_IntAct,Salmonella_enterica_serovar_Agona_SL483,PPI
SeAg_B0087,SeAg_B0087,B5F759,SeAg_B1488,SeAg_B1488,B5F5B0,2000,4078,Lit_Ecoli_IntAct,Salmonella_enterica_serovar_Agona_SL483,PPI
SeAg_B0087,SeAg_B0087,B5F759,SeAg_B0004,thrC,B5F6C3,2000,3397,Lit_Ecoli_IntAct,Salmonella_enterica_serovar_Agona_SL483,PPI
SeAg_B0087,SeAg_B0087,B5F759,SeAg_B3460,SeAg_B3460,B5F6S6,2000,1650,Lit_Ecoli_IntAct,Salmonella_enterica_serovar_Agona_SL483,PPI
SeAg_B0087,SeAg_B0087,B5F759,SeAg_B3517,elbB,B5F6X8,2000,131,Lit_Ecoli_IntAct,Salmonella_enterica_serovar_Agona_SL483,PPI
SeAg_B0087,SeAg_B0087,B5F759,SeAg_B0096,folA,B5F768,2000,1801,Lit_Ecoli_IntAct,Salmonella_enterica_serovar_Agona_SL483,PPI
SeAg_B0087,SeAg_B0087,B5F759,SeAg_B3786,nikR,B5F9E6,2000,2652,Lit_Ecoli_IntAct,Salmonella_enterica_serovar_Agona_SL483,PPI
SeAg_B0087,SeAg_B0087,B5F759,SeAg_B3796,SeAg_B3796,B5F9F6,2000,4197,Lit_Ecoli_IntAct,Salmonella_enterica_serovar_Agona_SL483,PPI
SeAg_B0094,kefF,B5F766,SeAg_B0095,SeAg_B0095,B5F767,831,2811,Interactome3d,Salmonella_enterica_serovar_Agona_SL483,PPI
SeAg_B0096,folA,B5F768,SeAg_B1285,proQ,B5F3P7,1801,2695,Lit_Ecoli_IntAct,Salmonella_enterica_serovar_Agona_SL483,PPI
SeAg_B0100,pdxA,B5F772,SeAg_B3185,SeAg_B3185,B5F4X8,310,4451,Lit_Ecoli_IntAct,Salmonella_enterica_serovar_Agona_SL483,PPI
SeAg_B0100,pdxA,B5F772,SeAg_B0087,SeAg_B0087,B5F759,310,2000,Lit_Ecoli_IntAct,Salmonella_enterica_serovar_Agona_SL483,PPI
SeAg_B0101,surA,B5F773,SeAg_B2671,SeAg_B2671,B5F195,1779,1622,IntAct,Salmonella_enterica_serovar_Agona_SL483,PPI
SeAg_B0105,SeAg_B0105,B5F777,SeAg_B0960,aat,B5F138,2054,1572,Lit_Ecoli_IntAct,Salmonella_enterica_serovar_Agona_SL483,PPI
SeAg_B0105,SeAg_B0105,B5F777,SeAg_B3185,SeAg_B3185,B5F4X8,2054,4451,Lit_Ecoli_IntAct,Salmonella_enterica_serovar_Agona_SL483,PPI
SeAg_B0106,rapA,B5F778,SeAg_B1019,rlmL,B5F1U5,345,3219,Lit_Ecoli_IntAct,Salmonella_enterica_serovar_Agona_SL483,PPI
SeAg_B0106,rapA,B5F778,SeAg_B3577,SeAg_B3577,B5F7P6,345,2370,Lit_Ecoli_IntAct,Salmonella_enterica_serovar_Agona_SL483,PPI
SeAg_B0115,SeAg_B0115,B5F785,SeAg_B0693,SeAg_B0693,B5EZ91,2319,3921,Lit_Ecoli_IntAct,Salmonella_enterica_serovar_Agona_SL483,PPI
SeAg_B0115,SeAg_B0115,B5F785,SeAg_B4177,xerC,B5EZS5,2319,3220,Lit_Ecoli_IntAct,Salmonella_enterica_serovar_Agona_SL483,PPI
SeAg_B0115,SeAg_B0115,B5F785,SeAg_B4291,SeAg_B4291,B5F0M9,2319,3396,Lit_Ecoli_IntAct,Salmonella_enterica_serovar_Agona_SL483,PPI
SeAg_B0115,SeAg_B0115,B5F785,SeAg_B4494,lexA,B5F1Q6,2319,2732,Lit_Ecoli_IntAct,Salmonella_enterica_serovar_Agona_SL483,PPI
SeAg_B0115,SeAg_B0115,B5F785,SeAg_B1279,SeAg_B1279,B5F3P1,2319,1513,Lit_Ecoli_IntAct,Salmonella_enterica_serovar_Agona_SL483,PPI
SeAg_B0115,SeAg_B0115,B5F785,SeAg_B3185,SeAg_B3185,B5F4X8,2319,4451,Lit_Ecoli_IntAct,Salmonella_enterica_serovar_Agona_SL483,PPI
SeAg_B0115,SeAg_B0115,B5F785,SeAg_B3397,rpoD,B5F6A7,2319,3123,Lit_Ecoli_IntAct,Salmonella_enterica_serovar_Agona_SL483,PPI
SeAg_B0115,SeAg_B0115,B5F785,SeAg_B3442,garD,B5F6Q8,2319,3921,Lit_Ecoli_IntAct,Salmonella_enterica_serovar_Agona_SL483,PPI
SeAg_B0115,SeAg_B0115,B5F785,SeAg_B1856,SeAg_B1856,B5F7H8,2319,3464,Lit_Ecoli_IntAct,Salmonella_enterica_serovar_Agona_SL483,PPI
SeAg_B1794,lpp,B5F7C0,SeAg_B0785,pal,B5F032,2977,3222,IntAct,Salmonella_enterica_serovar_Agona_SL483,PPI
SeAg_B1797,SeAg_B1797,B5F7C3,SeAg_B1798,SeAg_B1798,B5F7C4,1450,1741,IntAct,Salmonella_enterica_serovar_Agona_SL483,PPI
SeAg_B1797,SeAg_B1797,B5F7C3,SeAg_B1799,sufD,B5F7C5,1450,880,IntAct,Salmonella_enterica_serovar_Agona_SL483,PPI
SeAg_B1797,SeAg_B1797,B5F7C3,SeAg_B1801,sufB,B5F7C7,1450,2832,IntAct,Salmonella_enterica_serovar_Agona_SL483,PPI
SeAg_B1801,sufB,B5F7C7,SeAg_B1798,SeAg_B1798,B5F7C4,2832,1741,IntAct,Salmonella_enterica_serovar_Agona_SL483,PPI
SeAg_B1801,sufB,B5F7C7,SeAg_B1799,sufD,B5F7C5,2832,880,IntAct_Interactome3d,Salmonella_enterica_serovar_Agona_SL483,PPI
SeAg_B1802,sufA,B5F7C8,SeAg_B1798,SeAg_B1798,B5F7C4,3904,1741,IntAct,Salmonella_enterica_serovar_Agona_SL483,PPI
SeAg_B1802,sufA,B5F7C8,SeAg_B1799,sufD,B5F7C5,3904,880,IntAct,Salmonella_enterica_serovar_Agona_SL483,PPI
SeAg_B1802,sufA,B5F7C8,SeAg_B1801,sufB,B5F7C7,3904,2832,IntAct,Salmonella_enterica_serovar_Agona_SL483,PPI
SeAg_B1807,SeAg_B1807,B5F7D1,SeAg_B4620,frdB,B5F2M0,2509,2693,IntAct,Salmonella_enterica_serovar_Agona_SL483,PPI
SeAg_B1810,SeAg_B1810,B5F7D3,SeAg_B0424,SeAg_B0424,B5EWR9,3505,1421,Lit_Ecoli_IntAct,Salmonella_enterica_serovar_Agona_SL483,PPI
SeAg_B1818,ydiQ,B5F7E1,SeAg_B1819,SeAg_B1819,B5F7E2,3080,3156,Lit_Ecoli_IntAct,Salmonella_enterica_serovar_Agona_SL483,PPI
SeAg_B1819,SeAg_B1819,B5F7E2,SeAg_B0635,entE,B5EYI7,3156,614,Lit_Ecoli_IntAct,Salmonella_enterica_serovar_Agona_SL483,PPI
SeAg_B1819,SeAg_B1819,B5F7E2,SeAg_B0765,sdhC,B5EZF5,3156,800,Lit_Ecoli_IntAct,Salmonella_enterica_serovar_Agona_SL483,PPI
SeAg_B1819,SeAg_B1819,B5F7E2,SeAg_B1822,SeAg_B1822,B5F7E5,3156,614,Lit_Ecoli_IntAct,Salmonella_enterica_serovar_Agona_SL483,PPI
SeAg_B1822,SeAg_B1822,B5F7E5,SeAg_B0636,entB,B5EYI8,614,3159,Lit_Ecoli_IntAct_Interactome3d,Salmonella_enterica_serovar_Agona_SL483,PPI
SeAg_B1825,SeAg_B1825,B5F7E7,SeAg_B2520,SeAg_B2520,B5EZR2,2536,1390,Lit_Ecoli_IntAct,Salmonella_enterica_serovar_Agona_SL483,PPI
SeAg_B1825,SeAg_B1825,B5F7E7,SeAg_B3499,SeAg_B3499,B5F6W0,2536,2549,Lit_Ecoli_IntAct,Salmonella_enterica_serovar_Agona_SL483,PPI
SeAg_B1827,SeAg_B1827,B5F7E9,SeAg_B2172,SeAg_B2172,B5EX15,87,3646,Lit_Ecoli_IntAct,Salmonella_enterica_serovar_Agona_SL483,PPI
SeAg_B1827,SeAg_B1827,B5F7E9,SeAg_B0834,uvrB,B5F076,87,1831,Lit_Ecoli_IntAct,Salmonella_enterica_serovar_Agona_SL483,PPI
SeAg_B1827,SeAg_B1827,B5F7E9,SeAg_B2609,eutN,B5F0J3,87,3646,Lit_Ecoli_IntAct,Salmonella_enterica_serovar_Agona_SL483,PPI
SeAg_B1827,SeAg_B1827,B5F7E9,SeAg_B0913,SeAg_B0913,B5F0Z5,87,1587,Lit_Ecoli_IntAct,Salmonella_enterica_serovar_Agona_SL483,PPI
SeAg_B1828,SeAg_B1828,B5F7F0,SeAg_B3980,SeAg_B3980,B5EY29,2926,48,Lit_Ecoli_IntAct,Salmonella_enterica_serovar_Agona_SL483,PPI
SeAg_B1828,SeAg_B1828,B5F7F0,SeAg_B2412,ubiG,B5EYW1,2926,1095,Lit_Ecoli_IntAct,Salmonella_enterica_serovar_Agona_SL483,PPI
SeAg_B1828,SeAg_B1828,B5F7F0,SeAg_B3185,SeAg_B3185,B5F4X8,2926,4451,Lit_Ecoli_IntAct,Salmonella_enterica_serovar_Agona_SL483,PPI
SeAg_B1828,SeAg_B1828,B5F7F0,SeAg_B0087,SeAg_B0087,B5F759,2926,2000,Lit_Ecoli_IntAct,Salmonella_enterica_serovar_Agona_SL483,PPI
SeAg_B1829,SeAg_B1829,B5F7F1,SeAg_B1196,flhD,B5F2V9,1152,1977,Interactome3d,Salmonella_enterica_serovar_Agona_SL483,PPI
SeAg_B1834,ihfA,B5F7F6,SeAg_B0834,uvrB,B5F076,2956,1831,Lit_Ecoli_IntAct,Salmonella_enterica_serovar_Agona_SL483,PPI
SeAg_B1834,ihfA,B5F7F6,SeAg_B0988,ihfB,B5F165,2956,894,IntAct_Interactome3d,Salmonella_enterica_serovar_Agona_SL483,PPI
SeAg_B1836,pheS,B5F7F8,SeAg_B0345,SeAg_B0345,B5EWJ4,3297,328,Lit_Ecoli_IntAct,Salmonella_enterica_serovar_Agona_SL483,PPI
SeAg_B1836,pheS,B5F7F8,SeAg_B0438,brnQ,B5EWT3,3297,1932,Lit_Ecoli_IntAct,Salmonella_enterica_serovar_Agona_SL483,PPI
SeAg_B1836,pheS,B5F7F8,SeAg_B2137,SeAg_B2137,B5EWY1,3297,2829,Lit_Ecoli_IntAct,Salmonella_enterica_serovar_Agona_SL483,PPI
SeAg_B1836,pheS,B5F7F8,SeAg_B0472,SeAg_B0472,B5EXH3,3297,1011,Biogrid,Salmonella_enterica_serovar_Agona_SL483,PPI
SeAg_B1836,pheS,B5F7F8,SeAg_B0911,nfsA,B5F0Z3,3297,1411,Lit_Ecoli_IntAct,Salmonella_enterica_serovar_Agona_SL483,PPI
SeAg_B1836,pheS,B5F7F8,SeAg_B1835,pheT,B5F7F7,3297,1404,Lit_Ecoli_IntAct_Interactome3d,Salmonella_enterica_serovar_Agona_SL483,PPI
SeAg_B1838,rpmI,B5F7G0,SeAg_B3944,rpmG,B5EXE1,1427,1183,Interactome3d,Salmonella_enterica_serovar_Agona_SL483,PPI
SeAg_B1838,rpmI,B5F7G0,SeAg_B2649,ppk,B5F177,1427,143,Lit_Ecoli_IntAct,Salmonella_enterica_serovar_Agona_SL483,PPI
SeAg_B1838,rpmI,B5F7G0,SeAg_B3617,rplO,B5F7S6,1427,2074,Interactome3d,Salmonella_enterica_serovar_Agona_SL483,PPI
SeAg_B1838,rpmI,B5F7G0,SeAg_B0289,SeAg_B0289,B5F8W2,1427,519,Lit_Ecoli_IntAct,Salmonella_enterica_serovar_Agona_SL483,PPI
SeAg_B1839,infC,B5F7G1,SeAg_B3644,rpsG,B5F8F9,3273,1032,IntAct,Salmonella_enterica_serovar_Agona_SL483,PPI
SeAg_B1840,thrS,B5F7G2,SeAg_B4608,groEL,B5F2L0,2445,1880,IntAct,Salmonella_enterica_serovar_Agona_SL483,PPI
SeAg_B1853,katE,B5F7H5,SeAg_B4639,hfq,B5F387,464,1130,Interactome3d,Salmonella_enterica_serovar_Agona_SL483,PPI
SeAg_B1856,SeAg_B1856,B5F7H8,SeAg_B4291,SeAg_B4291,B5F0M9,3464,3396,Lit_Ecoli_IntAct,Salmonella_enterica_serovar_Agona_SL483,PPI
SeAg_B1856,SeAg_B1856,B5F7H8,SeAg_B4292,SeAg_B4292,B5F0N0,3464,1476,Lit_Ecoli_IntAct,Salmonella_enterica_serovar_Agona_SL483,PPI
SeAg_B1856,SeAg_B1856,B5F7H8,SeAg_B4494,lexA,B5F1Q6,3464,2732,Lit_Ecoli_IntAct,Salmonella_enterica_serovar_Agona_SL483,PPI
SeAg_B1860,osmE,B5F7I2,SeAg_B3782,SeAg_B3782,B5F9E2,686,1265,IntAct,Salmonella_enterica_serovar_Agona_SL483,PPI
SeAg_B1866,astE,B5F7I8,SeAg_B0518,acrR,B5EXL7,3506,64,Lit_Ecoli_IntAct,Salmonella_enterica_serovar_Agona_SL483,PPI
SeAg_B1866,astE,B5F7I8,SeAg_B4123,hdfR,B5EZ22,3506,3093,Lit_Ecoli_IntAct,Salmonella_enterica_serovar_Agona_SL483,PPI
SeAg_B1866,astE,B5F7I8,SeAg_B3066,cas1,B5F420,3506,3242,Lit_Ecoli_IntAct,Salmonella_enterica_serovar_Agona_SL483,PPI
SeAg_B1866,astE,B5F7I8,SeAg_B3577,SeAg_B3577,B5F7P6,3506,2370,Lit_Ecoli_IntAct,Salmonella_enterica_serovar_Agona_SL483,PPI
SeAg_B1866,astE,B5F7I8,SeAg_B3580,SeAg_B3580,B5F7P9,3506,64,Lit_Ecoli_IntAct,Salmonella_enterica_serovar_Agona_SL483,PPI
SeAg_B3535,rpsI,B5F7K4,SeAg_B3637,rpsJ,B5F8F3,713,1695,Interactome3d,Salmonella_enterica_serovar_Agona_SL483,PPI
SeAg_B3535,rpsI,B5F7K4,SeAg_B3644,rpsG,B5F8F9,713,1032,IntAct_Interactome3d,Salmonella_enterica_serovar_Agona_SL483,PPI
SeAg_B3536,rplM,B5F7K5,SeAg_B0472,SeAg_B0472,B5EXH3,1103,1011,IntAct_Biogrid,Salmonella_enterica_serovar_Agona_SL483,PPI
SeAg_B3536,rplM,B5F7K5,SeAg_B1568,SeAg_B1568,B5F5T7,1103,2534,Lit_Ecoli_IntAct,Salmonella_enterica_serovar_Agona_SL483,PPI
SeAg_B3536,rplM,B5F7K5,SeAg_B3494,rplU,B5F6V5,1103,1526,Interactome3d,Salmonella_enterica_serovar_Agona_SL483,PPI
SeAg_B3536,rplM,B5F7K5,SeAg_B1837,rplT,B5F7F9,1103,1846,Interactome3d,Salmonella_enterica_serovar_Agona_SL483,PPI
SeAg_B3536,rplM,B5F7K5,SeAg_B3636,rplC,B5F8F2,1103,3858,Interactome3d,Salmonella_enterica_serovar_Agona_SL483,PPI
SeAg_B3554,SeAg_B3554,B5F7M3,SeAg_B2649,ppk,B5F177,2313,143,Lit_Ecoli_IntAct,Salmonella_enterica_serovar_Agona_SL483,PPI
SeAg_B3561,cafA,B5F7N0,SeAg_B3806,SeAg_B3806,B5F9G6,239,1691,Lit_Ecoli_IntAct,Salmonella_enterica_serovar_Agona_SL483,PPI
SeAg_B3564,mreC,B5F7N3,SeAg_B2676,SeAg_B2676,B5F199,1246,39,IntAct,Salmonella_enterica_serovar_Agona_SL483,PPI
SeAg_B3564,mreC,B5F7N3,SeAg_B3565,mreB,B5F7N4,1246,624,IntAct,Salmonella_enterica_serovar_Agona_SL483,PPI
SeAg_B3565,mreB,B5F7N4,SeAg_B0139,ftsI,B5F7V8,624,3143,IntAct,Salmonella_enterica_serovar_Agona_SL483,PPI
SeAg_B3565,mreB,B5F7N4,SeAg_B0144,ftsW,B5F7W3,624,3007,IntAct,Salmonella_enterica_serovar_Agona_SL483,PPI
SeAg_B3571,accC,B5F7P0,SeAg_B0455,ribD,B5EXF7,1824,1855,Lit_Ecoli_IntAct,Salmonella_enterica_serovar_Agona_SL483,PPI
SeAg_B3571,accC,B5F7P0,SeAg_B3570,accB,B5F7N9,1824,1341,Lit_Ecoli_IntAct_Interactome3d,Salmonella_enterica_serovar_Agona_SL483,PPI
SeAg_B3571,accC,B5F7P0,SeAg_B0131,leuO,B5F7V0,1824,863,Lit_Ecoli_IntAct,Salmonella_enterica_serovar_Agona_SL483,PPI
SeAg_B3574,prmA,B5F7P3,SeAg_B0518,acrR,B5EXL7,1473,64,Lit_Ecoli_IntAct,Salmonella_enterica_serovar_Agona_SL483,PPI
SeAg_B3574,prmA,B5F7P3,SeAg_B3580,SeAg_B3580,B5F7P9,1473,64,Lit_Ecoli_IntAct,Salmonella_enterica_serovar_Agona_SL483,PPI
SeAg_B3576,fis,B5F7P5,SeAg_B1280,SeAg_B1280,B5F3P2,1300,3214,Lit_Ecoli_IntAct,Salmonella_enterica_serovar_Agona_SL483,PPI
SeAg_B3577,SeAg_B3577,B5F7P6,SeAg_B1335,SeAg_B1335,B5F4E8,2370,3909,Lit_Ecoli_IntAct,Salmonella_enterica_serovar_Agona_SL483,PPI
SeAg_B3577,SeAg_B3577,B5F7P6,SeAg_B0055,ispH,B5F728,2370,3060,Lit_Ecoli_IntAct,Salmonella_enterica_serovar_Agona_SL483,PPI
SeAg_B3580,SeAg_B3580,B5F7P9,SeAg_B3904,SeAg_B3904,B5EXA1,64,3724,Lit_Ecoli_IntAct,Salmonella_enterica_serovar_Agona_SL483,PPI
SeAg_B3580,SeAg_B3580,B5F7P9,SeAg_B1311,SeAg_B1311,B5F3S1,64,3487,Lit_Ecoli_IntAct,Salmonella_enterica_serovar_Agona_SL483,PPI
SeAg_B3580,SeAg_B3580,B5F7P9,SeAg_B1662,SeAg_B1662,B5F6D5,64,1669,Lit_Ecoli_IntAct,Salmonella_enterica_serovar_Agona_SL483,PPI
SeAg_B3580,SeAg_B3580,B5F7P9,SeAg_B3577,SeAg_B3577,B5F7P6,64,2370,Lit_Ecoli_IntAct,Salmonella_enterica_serovar_Agona_SL483,PPI
SeAg_B3597,aroE,B5F7Q8,SeAg_B4576,SeAg_B4576,B5F2I8,606,3531,Lit_Ecoli_IntAct,Salmonella_enterica_serovar_Agona_SL483,PPI
SeAg_B3597,aroE,B5F7Q8,SeAg_B3577,SeAg_B3577,B5F7P6,606,2370,Lit_Ecoli_IntAct,Salmonella_enterica_serovar_Agona_SL483,PPI
SeAg_B3599,SeAg_B3599,B5F7R0,SeAg_B1017,SeAg_B1017,B5F1U3,53,804,IntAct,Salmonella_enterica_serovar_Agona_SL483,PPI
SeAg_B3599,SeAg_B3599,B5F7R0,SeAg_B1194,SeAg_B1194,B5F2V7,53,2493,IntAct,Salmonella_enterica_serovar_Agona_SL483,PPI
SeAg_B3599,SeAg_B3599,B5F7R0,SeAg_B1319,minC,B5F3S8,53,970,IntAct,Salmonella_enterica_serovar_Agona_SL483,PPI
SeAg_B3599,SeAg_B3599,B5F7R0,SeAg_B3577,SeAg_B3577,B5F7P6,53,2370,IntAct,Salmonella_enterica_serovar_Agona_SL483,PPI
SeAg_B3600,smg,B5F7R1,SeAg_B1975,SeAg_B1975,B5F8E4,2877,2480,Lit_Ecoli_IntAct,Salmonella_enterica_serovar_Agona_SL483,PPI
SeAg_B3603,fmt,B5F7R4,SeAg_B1285,proQ,B5F3P7,3043,2695,Lit_Ecoli_IntAct,Salmonella_enterica_serovar_Agona_SL483,PPI
SeAg_B3607,zntR,B5F7R8,SeAg_B0546,cueR,B5EXP2,966,687,IntAct_Interactome3d,Salmonella_enterica_serovar_Agona_SL483,PPI
SeAg_B3609,rplQ,B5F7S0,SeAg_B3631,rplV,B5F8E7,2470,3935,Interactome3d,Salmonella_enterica_serovar_Agona_SL483,PPI
SeAg_B3610,rpoA,B5F7S1,SeAg_B0472,SeAg_B0472,B5EXH3,1508,1011,Biogrid,Salmonella_enterica_serovar_Agona_SL483,PPI
SeAg_B3610,rpoA,B5F7S1,SeAg_B1651,SeAg_B1651,B5F616,1508,2229,Interactome3d,Salmonella_enterica_serovar_Agona_SL483,PPI
SeAg_B3610,rpoA,B5F7S1,SeAg_B3476,nusA,B5F6T9,1508,2754,IntAct_Interactome3d,Salmonella_enterica_serovar_Agona_SL483,PPI
SeAg_B3610,rpoA,B5F7S1,SeAg_B3663,crp,B5F8H8,1508,2484,Interactome3d,Salmonella_enterica_serovar_Agona_SL483,PPI
SeAg_B3611,rpsD,B5F7S2,SeAg_B0472,SeAg_B0472,B5EXH3,832,1011,Biogrid,Salmonella_enterica_serovar_Agona_SL483,PPI
SeAg_B3611,rpsD,B5F7S2,SeAg_B0741,fldA,B5EZD1,832,564,Lit_Ecoli_IntAct,Salmonella_enterica_serovar_Agona_SL483,PPI
SeAg_B3611,rpsD,B5F7S2,SeAg_B3630,rpsC,B5F7T9,832,3754,IntAct_Interactome3d,Salmonella_enterica_serovar_Agona_SL483,PPI
SeAg_B3616,secY,B5F7S5,SeAg_B4389,secE,B5F0W1,3888,3041,Interactome3d,Salmonella_enterica_serovar_Agona_SL483,PPI
SeAg_B3616,secY,B5F7S5,SeAg_B3482,secG,B5F6U3,3888,952,Interactome3d,Salmonella_enterica_serovar_Agona_SL483,PPI
SeAg_B3616,secY,B5F7S5,SeAg_B3625,rplX,B5F7T4,3888,122,Interactome3d,Salmonella_enterica_serovar_Agona_SL483,PPI
SeAg_B3616,secY,B5F7S5,SeAg_B3628,rpmC,B5F7T7,3888,1171,Interactome3d,Salmonella_enterica_serovar_Agona_SL483,PPI
SeAg_B3616,secY,B5F7S5,SeAg_B0148,ftsQ,B5F7W7,3888,398,IntAct,Salmonella_enterica_serovar_Agona_SL483,PPI
SeAg_B3616,secY,B5F7S5,SeAg_B0153,secA,B5F7X1,3888,2356,IntAct_Interactome3d,Salmonella_enterica_serovar_Agona_SL483,PPI
SeAg_B3616,secY,B5F7S5,SeAg_B3634,rplW,B5F8F0,3888,1460,Interactome3d,Salmonella_enterica_serovar_Agona_SL483,PPI
SeAg_B3617,rplO,B5F7S6,SeAg_B3494,rplU,B5F6V5,2074,1526,Interactome3d,Salmonella_enterica_serovar_Agona_SL483,PPI
SeAg_B3618,rpmD,B5F7S7,SeAg_B0830,bioB,B5F072,3404,1192,Lit_Ecoli_IntAct,Salmonella_enterica_serovar_Agona_SL483,PPI
SeAg_B3619,rpsE,B5F7S8,SeAg_B4069,SeAg_B4069,B5EYX5,842,3987,IntAct,Salmonella_enterica_serovar_Agona_SL483,PPI
SeAg_B3619,rpsE,B5F7S8,SeAg_B0741,fldA,B5EZD1,842,564,Lit_Ecoli_IntAct,Salmonella_enterica_serovar_Agona_SL483,PPI
SeAg_B3619,rpsE,B5F7S8,SeAg_B1448,rnb,B5F571,842,4191,Lit_Ecoli_IntAct,Salmonella_enterica_serovar_Agona_SL483,PPI
SeAg_B3619,rpsE,B5F7S8,SeAg_B3611,rpsD,B5F7S2,842,832,IntAct_Interactome3d,Salmonella_enterica_serovar_Agona_SL483,PPI
SeAg_B3619,rpsE,B5F7S8,SeAg_B3622,rpsH,B5F7T1,842,3598,IntAct_Interactome3d,Salmonella_enterica_serovar_Agona_SL483,PPI
SeAg_B3619,rpsE,B5F7S8,SeAg_B3630,rpsC,B5F7T9,842,3754,IntAct_Interactome3d,Salmonella_enterica_serovar_Agona_SL483,PPI
SeAg_B3619,rpsE,B5F7S8,SeAg_B3634,rplW,B5F8F0,842,1460,Lit_Ecoli_IntAct,Salmonella_enterica_serovar_Agona_SL483,PPI
SeAg_B3619,rpsE,B5F7S8,SeAg_B0256,rpsB,B5F8T0,842,2913,IntAct_Interactome3d,Salmonella_enterica_serovar_Agona_SL483,PPI
SeAg_B3620,rplR,B5F7S9,SeAg_B4235,SeAg_B4235,B5EZX4,179,866,Lit_Ecoli_IntAct,Salmonella_enterica_serovar_Agona_SL483,PPI
SeAg_B3621,rplF,B5F7T0,SeAg_B3491,obgE,B5F6V2,454,381,Interactome3d,Salmonella_enterica_serovar_Agona_SL483,PPI
SeAg_B3622,rpsH,B5F7T1,SeAg_B0472,SeAg_B0472,B5EXH3,3598,1011,Biogrid,Salmonella_enterica_serovar_Agona_SL483,PPI
SeAg_B3622,rpsH,B5F7T1,SeAg_B2429,SeAg_B2429,B5EZH2,3598,736,Lit_Ecoli_IntAct,Salmonella_enterica_serovar_Agona_SL483,PPI
SeAg_B3622,rpsH,B5F7T1,SeAg_B1147,fliI,B5F2R5,3598,703,Lit_Ecoli_IntAct,Salmonella_enterica_serovar_Agona_SL483,PPI
SeAg_B3622,rpsH,B5F7T1,SeAg_B4671,rpsR,B5F3B9,3598,2540,Lit_Ecoli_IntAct,Salmonella_enterica_serovar_Agona_SL483,PPI
SeAg_B3622,rpsH,B5F7T1,SeAg_B3395,rpsU,B5F6A5,3598,2521,Lit_Ecoli_IntAct,Salmonella_enterica_serovar_Agona_SL483,PPI
SeAg_B3622,rpsH,B5F7T1,SeAg_B1695,pntA,B5F6G8,3598,1187,Lit_Ecoli_IntAct,Salmonella_enterica_serovar_Agona_SL483,PPI
SeAg_B3622,rpsH,B5F7T1,SeAg_B3494,rplU,B5F6V5,3598,1526,Lit_Ecoli_IntAct,Salmonella_enterica_serovar_Agona_SL483,PPI
SeAg_B3622,rpsH,B5F7T1,SeAg_B3567,SeAg_B3567,B5F7N6,3598,1023,Lit_Ecoli_IntAct,Salmonella_enterica_serovar_Agona_SL483,PPI
SeAg_B3622,rpsH,B5F7T1,SeAg_B3611,rpsD,B5F7S2,3598,832,Lit_Ecoli_IntAct,Salmonella_enterica_serovar_Agona_SL483,PPI
SeAg_B3622,rpsH,B5F7T1,SeAg_B3617,rplO,B5F7S6,3598,2074,Lit_Ecoli_IntAct,Salmonella_enterica_serovar_Agona_SL483,PPI
SeAg_B3622,rpsH,B5F7T1,SeAg_B3627,rpsQ,B5F7T6,3598,1961,Interactome3d,Salmonella_enterica_serovar_Agona_SL483,PPI
SeAg_B3622,rpsH,B5F7T1,SeAg_B3632,rpsS,B5F8E8,3598,3017,Lit_Ecoli_IntAct,Salmonella_enterica_serovar_Agona_SL483,PPI
SeAg_B3622,rpsH,B5F7T1,SeAg_B3633,rplB,B5F8E9,3598,246,Lit_Ecoli_IntAct,Salmonella_enterica_serovar_Agona_SL483,PPI
SeAg_B3622,rpsH,B5F7T1,SeAg_B3645,rpsL,B5F8G0,3598,2035,Interactome3d,Salmonella_enterica_serovar_Agona_SL483,PPI
SeAg_B3622,rpsH,B5F7T1,SeAg_B0256,rpsB,B5F8T0,3598,2913,Interactome3d,Salmonella_enterica_serovar_Agona_SL483,PPI
SeAg_B3623,rpsN,B5F7T2,SeAg_B3535,rpsI,B5F7K4,1046,713,Interactome3d,Salmonella_enterica_serovar_Agona_SL483,PPI
SeAg_B3623,rpsN,B5F7T2,SeAg_B3630,rpsC,B5F7T9,1046,3754,Interactome3d,Salmonella_enterica_serovar_Agona_SL483,PPI
SeAg_B3623,rpsN,B5F7T2,SeAg_B3637,rpsJ,B5F8F3,1046,1695,Interactome3d,Salmonella_enterica_serovar_Agona_SL483,PPI
SeAg_B3624,rplE,B5F7T3,SeAg_B0472,SeAg_B0472,B5EXH3,440,1011,IntAct_Biogrid,Salmonella_enterica_serovar_Agona_SL483,PPI
SeAg_B3624,rplE,B5F7T3,SeAg_B4342,rpmE,B5F0S7,440,212,Interactome3d,Salmonella_enterica_serovar_Agona_SL483,PPI
SeAg_B3626,rplN,B5F7T5,SeAg_B0472,SeAg_B0472,B5EXH3,3429,1011,IntAct_Biogrid,Salmonella_enterica_serovar_Agona_SL483,PPI
SeAg_B3626,rplN,B5F7T5,SeAg_B2818,rplS,B5F286,3429,2931,Interactome3d,Salmonella_enterica_serovar_Agona_SL483,PPI
SeAg_B3627,rpsQ,B5F7T6,SeAg_B3645,rpsL,B5F8G0,1961,2035,Interactome3d,Salmonella_enterica_serovar_Agona_SL483,PPI
SeAg_B3628,rpmC,B5F7T7,SeAg_B4389,secE,B5F0W1,1171,3041,Interactome3d,Salmonella_enterica_serovar_Agona_SL483,PPI
SeAg_B3629,rplP,B5F7T8,SeAg_B2373,rplY,B5EYS6,2582,1660,Interactome3d,Salmonella_enterica_serovar_Agona_SL483,PPI
SeAg_B3629,rplP,B5F7T8,SeAg_B3493,rpmA,B5F6V4,2582,27,Interactome3d,Salmonella_enterica_serovar_Agona_SL483,PPI
SeAg_B3630,rpsC,B5F7T9,SeAg_B3129,SeAg_B3129,B5F4T0,3754,907,Lit_Ecoli_IntAct,Salmonella_enterica_serovar_Agona_SL483,PPI
SeAg_B3630,rpsC,B5F7T9,SeAg_B3637,rpsJ,B5F8F3,3754,1695,Interactome3d,Salmonella_enterica_serovar_Agona_SL483,PPI
SeAg_B0126,leuD,B5F7U6,SeAg_B0007,tal2,B5F6Y2,3377,3087,Lit_Ecoli_IntAct,Salmonella_enterica_serovar_Agona_SL483,PPI
SeAg_B0126,leuD,B5F7U6,SeAg_B0127,leuC,B5F7U7,3377,3973,Lit_Ecoli_IntAct,Salmonella_enterica_serovar_Agona_SL483,PPI
SeAg_B0128,leuB,B5F7U8,SeAg_B0132,ilvB,B5F7V1,3616,3747,Lit_Ecoli_IntAct,Salmonella_enterica_serovar_Agona_SL483,PPI
SeAg_B0131,leuO,B5F7V0,SeAg_B2261,baeR,B5EXW1,863,46,Lit_Ecoli_IntAct,Salmonella_enterica_serovar_Agona_SL483,PPI
SeAg_B0132,ilvB,B5F7V1,SeAg_B0133,ilvH,B5F7V2,3747,1111,Lit_Ecoli_IntAct,Salmonella_enterica_serovar_Agona_SL483,PPI
SeAg_B0136,mraZ,B5F7V5,SeAg_B1164,fliA,B5F2T2,2902,678,IntAct,Salmonella_enterica_serovar_Agona_SL483,PPI
SeAg_B0138,ftsL,B5F7V7,SeAg_B2749,rseA,B5F1G6,229,2443,IntAct,Salmonella_enterica_serovar_Agona_SL483,PPI
SeAg_B0138,ftsL,B5F7V7,SeAg_B3565,mreB,B5F7N4,229,624,IntAct,Salmonella_enterica_serovar_Agona_SL483,PPI
SeAg_B0138,ftsL,B5F7V7,SeAg_B0139,ftsI,B5F7V8,229,3143,IntAct,Salmonella_enterica_serovar_Agona_SL483,PPI
SeAg_B0138,ftsL,B5F7V7,SeAg_B0144,ftsW,B5F7W3,229,3007,IntAct,Salmonella_enterica_serovar_Agona_SL483,PPI
SeAg_B0138,ftsL,B5F7V7,SeAg_B0148,ftsQ,B5F7W7,229,398,IntAct,Salmonella_enterica_serovar_Agona_SL483,PPI
SeAg_B0138,ftsL,B5F7V7,SeAg_B3684,SeAg_B3684,B5F8J9,229,2025,IntAct,Salmonella_enterica_serovar_Agona_SL483,PPI
SeAg_B0143,murD,B5F7W2,SeAg_B1544,SeAg_B1544,B5F5R3,914,2939,Lit_Ecoli_IntAct,Salmonella_enterica_serovar_Agona_SL483,PPI
SeAg_B0144,ftsW,B5F7W3,SeAg_B0139,ftsI,B5F7V8,3007,3143,IntAct,Salmonella_enterica_serovar_Agona_SL483,PPI
SeAg_B0146,murC,B5F7W5,SeAg_B0139,ftsI,B5F7V8,1143,3143,Lit_Ecoli_IntAct,Salmonella_enterica_serovar_Agona_SL483,PPI
SeAg_B0148,ftsQ,B5F7W7,SeAg_B3565,mreB,B5F7N4,398,624,IntAct,Salmonella_enterica_serovar_Agona_SL483,PPI
SeAg_B0148,ftsQ,B5F7W7,SeAg_B0139,ftsI,B5F7V8,398,3143,IntAct,Salmonella_enterica_serovar_Agona_SL483,PPI
SeAg_B0148,ftsQ,B5F7W7,SeAg_B0144,ftsW,B5F7W3,398,3007,IntAct,Salmonella_enterica_serovar_Agona_SL483,PPI
SeAg_B0148,ftsQ,B5F7W7,SeAg_B3771,ftsX,B5F9D1,398,458,IntAct,Salmonella_enterica_serovar_Agona_SL483,PPI
SeAg_B0149,ftsA,B5F7W8,SeAg_B4334,SeAg_B4334,B5F0R9,363,2200,IntAct,Salmonella_enterica_serovar_Agona_SL483,PPI
SeAg_B0149,ftsA,B5F7W8,SeAg_B3565,mreB,B5F7N4,363,624,IntAct,Salmonella_enterica_serovar_Agona_SL483,PPI
SeAg_B0149,ftsA,B5F7W8,SeAg_B0139,ftsI,B5F7V8,363,3143,IntAct,Salmonella_enterica_serovar_Agona_SL483,PPI
SeAg_B0149,ftsA,B5F7W8,SeAg_B0148,ftsQ,B5F7W7,363,398,IntAct,Salmonella_enterica_serovar_Agona_SL483,PPI
SeAg_B0149,ftsA,B5F7W8,SeAg_B3684,SeAg_B3684,B5F8J9,363,2025,IntAct,Salmonella_enterica_serovar_Agona_SL483,PPI
SeAg_B0149,ftsA,B5F7W8,SeAg_B3771,ftsX,B5F9D1,363,458,IntAct,Salmonella_enterica_serovar_Agona_SL483,PPI
SeAg_B0150,ftsZ,B5F7W9,SeAg_B0416,ddl,B5EWR1,1789,1125,Lit_Ecoli_IntAct,Salmonella_enterica_serovar_Agona_SL483,PPI
SeAg_B0150,ftsZ,B5F7W9,SeAg_B0641,SeAg_B0641,B5EYJ3,1789,2036,Lit_Ecoli_IntAct,Salmonella_enterica_serovar_Agona_SL483,PPI
SeAg_B0150,ftsZ,B5F7W9,SeAg_B4142,trxA,B5EZ41,1789,3171,IntAct,Salmonella_enterica_serovar_Agona_SL483,PPI
SeAg_B0150,ftsZ,B5F7W9,SeAg_B2572,zipA,B5F0F6,1789,1784,Lit_Ecoli_IntAct_Interactome3d,Salmonella_enterica_serovar_Agona_SL483,PPI
SeAg_B0150,ftsZ,B5F7W9,SeAg_B4334,SeAg_B4334,B5F0R9,1789,2200,IntAct,Salmonella_enterica_serovar_Agona_SL483,PPI
SeAg_B0150,ftsZ,B5F7W9,SeAg_B1029,SeAg_B1029,B5F1V5,1789,2113,IntAct_Interactome3d,Salmonella_enterica_serovar_Agona_SL483,PPI
SeAg_B0150,ftsZ,B5F7W9,SeAg_B4696,mpl,B5F3E3,1789,839,Lit_Ecoli_IntAct,Salmonella_enterica_serovar_Agona_SL483,PPI
SeAg_B0150,ftsZ,B5F7W9,SeAg_B1318,minD,B5F3S7,1789,1330,IntAct,Salmonella_enterica_serovar_Agona_SL483,PPI
SeAg_B0150,ftsZ,B5F7W9,SeAg_B1319,minC,B5F3S8,1789,970,IntAct,Salmonella_enterica_serovar_Agona_SL483,PPI
SeAg_B0150,ftsZ,B5F7W9,SeAg_B3219,SeAg_B3219,B5F5I6,1789,1540,IntAct,Salmonella_enterica_serovar_Agona_SL483,PPI
SeAg_B0150,ftsZ,B5F7W9,SeAg_B3565,mreB,B5F7N4,1789,624,IntAct,Salmonella_enterica_serovar_Agona_SL483,PPI
SeAg_B0150,ftsZ,B5F7W9,SeAg_B0143,murD,B5F7W2,1789,914,Lit_Ecoli_IntAct,Salmonella_enterica_serovar_Agona_SL483,PPI
SeAg_B0150,ftsZ,B5F7W9,SeAg_B0148,ftsQ,B5F7W7,1789,398,Lit_Ecoli_IntAct,Salmonella_enterica_serovar_Agona_SL483,PPI
SeAg_B0150,ftsZ,B5F7W9,SeAg_B0149,ftsA,B5F7W8,1789,363,IntAct,Salmonella_enterica_serovar_Agona_SL483,PPI
SeAg_B0150,ftsZ,B5F7W9,SeAg_B0158,SeAg_B0158,B5F7X6,1789,585,IntAct,Salmonella_enterica_serovar_Agona_SL483,PPI
SeAg_B0150,ftsZ,B5F7W9,SeAg_B3684,SeAg_B3684,B5F8J9,1789,2025,IntAct,Salmonella_enterica_serovar_Agona_SL483,PPI
SeAg_B0151,lpxC,B5F7X0,SeAg_B3056,ftsB,B5F412,1501,981,Lit_Ecoli_IntAct,Salmonella_enterica_serovar_Agona_SL483,PPI
SeAg_B0151,lpxC,B5F7X0,SeAg_B0143,murD,B5F7W2,1501,914,Lit_Ecoli_IntAct,Salmonella_enterica_serovar_Agona_SL483,PPI
SeAg_B0153,secA,B5F7X1,SeAg_B4488,lamB,B5F1Q0,2356,3308,IntAct_Interactome3d,Salmonella_enterica_serovar_Agona_SL483,PPI
SeAg_B0153,secA,B5F7X1,SeAg_B4859,SeAg_B4859,B5F4Z9,2356,2085,IntAct,Salmonella_enterica_serovar_Agona_SL483,PPI
SeAg_B0154,SeAg_B0154,B5F7X2,SeAg_B4620,frdB,B5F2M0,2688,2693,Lit_Ecoli_IntAct,Salmonella_enterica_serovar_Agona_SL483,PPI
SeAg_B0154,SeAg_B0154,B5F7X2,SeAg_B3185,SeAg_B3185,B5F4X8,2688,4451,Lit_Ecoli_IntAct,Salmonella_enterica_serovar_Agona_SL483,PPI
SeAg_B0173,pdhR,B5F7Z0,SeAg_B4871,SeAg_B4871,B5F509,848,1758,Lit_Ecoli_IntAct,Salmonella_enterica_serovar_Agona_SL483,PPI
SeAg_B0176,lpdA,B5F7Z3,SeAg_B0770,sucB,B5EZG0,3188,2189,Lit_Ecoli_IntAct_Interactome3d,Salmonella_enterica_serovar_Agona_SL483,PPI
SeAg_B0176,lpdA,B5F7Z3,SeAg_B0175,aceF,B5F7Z2,3188,68,Lit_Ecoli_IntAct_Interactome3d,Salmonella_enterica_serovar_Agona_SL483,PPI
SeAg_B0181,acnB,B5F7Z8,SeAg_B0472,SeAg_B0472,B5EXH3,4241,1011,Biogrid,Salmonella_enterica_serovar_Agona_SL483,PPI
SeAg_B0181,acnB,B5F7Z8,SeAg_B4142,trxA,B5EZ41,4241,3171,IntAct,Salmonella_enterica_serovar_Agona_SL483,PPI
SeAg_B0191,SeAg_B0191,B5F808,SeAg_B4068,rnpA,B5EYX4,1204,2407,Lit_Ecoli_IntAct,Salmonella_enterica_serovar_Agona_SL483,PPI
SeAg_B0198,speE,B5F815,SeAg_B3577,SeAg_B3577,B5F7P6,2873,2370,Lit_Ecoli_IntAct,Salmonella_enterica_serovar_Agona_SL483,PPI
SeAg_B0218,pcnB,B5F835,SeAg_B3085,eno,B5F4N9,2476,1620,IntAct,Salmonella_enterica_serovar_Agona_SL483,PPI
SeAg_B0218,pcnB,B5F835,SeAg_B1515,hrpA,B5F5D4,2476,401,IntAct,Salmonella_enterica_serovar_Agona_SL483,PPI
SeAg_B0220,dksA,B5F837,SeAg_B4142,trxA,B5EZ41,1931,3171,IntAct,Salmonella_enterica_serovar_Agona_SL483,PPI
SeAg_B0220,dksA,B5F837,SeAg_B1285,proQ,B5F3P7,1931,2695,Lit_Ecoli_IntAct,Salmonella_enterica_serovar_Agona_SL483,PPI
SeAg_B0220,dksA,B5F837,SeAg_B3488,greA,B5F6U9,1931,2535,IntAct,Salmonella_enterica_serovar_Agona_SL483,PPI
SeAg_B0221,sfsA,B5F838,SeAg_B0357,proA,B5EWK6,2559,2044,Lit_Ecoli_IntAct,Salmonella_enterica_serovar_Agona_SL483,PPI
SeAg_B0221,sfsA,B5F838,SeAg_B2304,SeAg_B2304,B5EXZ9,2559,2186,Lit_Ecoli_IntAct,Salmonella_enterica_serovar_Agona_SL483,PPI
SeAg_B0225,mrcB,B5F842,SeAg_B0139,ftsI,B5F7V8,2681,3143,IntAct_Interactome3d,Salmonella_enterica_serovar_Agona_SL483,PPI
SeAg_B0225,mrcB,B5F842,SeAg_B0144,ftsW,B5F7W3,2681,3007,IntAct,Salmonella_enterica_serovar_Agona_SL483,PPI
SeAg_B0227,fhuA,B5F844,SeAg_B1409,SeAg_B1409,B5F4L3,2724,1820,Interactome3d,Salmonella_enterica_serovar_Agona_SL483,PPI
SeAg_B1871,astC,B5F846,SeAg_B2283,SeAg_B2283,B5EXY0,1408,3840,Lit_Ecoli_IntAct,Salmonella_enterica_serovar_Agona_SL483,PPI
SeAg_B1877,topB,B5F853,SeAg_B4878,holD,B5F513,2038,2169,Lit_Ecoli_IntAct,Salmonella_enterica_serovar_Agona_SL483,PPI
SeAg_B1879,SeAg_B1879,B5F855,SeAg_B4142,trxA,B5EZ41,3481,3171,IntAct,Salmonella_enterica_serovar_Agona_SL483,PPI
SeAg_B1884,msrB,B5F860,SeAg_B0489,clpX,B5EXI9,3580,1462,IntAct,Salmonella_enterica_serovar_Agona_SL483,PPI
SeAg_B1885,gapA,B5F861,SeAg_B0472,SeAg_B0472,B5EXH3,161,1011,Biogrid,Salmonella_enterica_serovar_Agona_SL483,PPI
SeAg_B1885,gapA,B5F861,SeAg_B4142,trxA,B5EZ41,161,3171,IntAct,Salmonella_enterica_serovar_Agona_SL483,PPI
SeAg_B1913,SeAg_B1913,B5F886,SeAg_B0689,holA,B5EZ87,1615,298,Lit_Ecoli_IntAct,Salmonella_enterica_serovar_Agona_SL483,PPI
SeAg_B1917,SeAg_B1917,B5F890,SeAg_B4105,yieM,B5EZ11,965,1672,Lit_Ecoli_IntAct,Salmonella_enterica_serovar_Agona_SL483,PPI
SeAg_B1917,SeAg_B1917,B5F890,SeAg_B2527,sixA,B5EZR8,965,102,Lit_Ecoli_IntAct,Salmonella_enterica_serovar_Agona_SL483,PPI
SeAg_B1917,SeAg_B1917,B5F890,SeAg_B4226,SeAg_B4226,B5EZW7,965,2870,Lit_Ecoli_IntAct,Salmonella_enterica_serovar_Agona_SL483,PPI
SeAg_B1917,SeAg_B1917,B5F890,SeAg_B2642,arsC,B5F0M3,965,535,Lit_Ecoli_IntAct,Salmonella_enterica_serovar_Agona_SL483,PPI
SeAg_B1917,SeAg_B1917,B5F890,SeAg_B4656,SeAg_B4656,B5F3A4,965,2026,Lit_Ecoli_IntAct,Salmonella_enterica_serovar_Agona_SL483,PPI
SeAg_B1917,SeAg_B1917,B5F890,SeAg_B3065,cas2,B5F419,965,391,Lit_Ecoli_IntAct,Salmonella_enterica_serovar_Agona_SL483,PPI
SeAg_B1917,SeAg_B1917,B5F890,SeAg_B3151,nudH,B5F4U8,965,867,Lit_Ecoli_IntAct,Salmonella_enterica_serovar_Agona_SL483,PPI
SeAg_B1917,SeAg_B1917,B5F890,SeAg_B1599,SeAg_B1599,B5F5W5,965,4292,Lit_Ecoli_IntAct,Salmonella_enterica_serovar_Agona_SL483,PPI
SeAg_B1917,SeAg_B1917,B5F890,SeAg_B3775,SeAg_B3775,B5F9D5,965,2,Lit_Ecoli_IntAct,Salmonella_enterica_serovar_Agona_SL483,PPI
SeAg_B1946,icd,B5F8B5,SeAg_B4142,trxA,B5EZ41,158,3171,IntAct,Salmonella_enterica_serovar_Agona_SL483,PPI
SeAg_B1947,SeAg_B1947,B5F8B6,SeAg_B1427,rluB,B5F4N0,912,2408,IntAct_Interactome3d,Salmonella_enterica_serovar_Agona_SL483,PPI
SeAg_B1947,SeAg_B1947,B5F8B6,SeAg_B1683,bioD2,B5F6F6,912,3173,Lit_Ecoli_IntAct,Salmonella_enterica_serovar_Agona_SL483,PPI
SeAg_B1965,lolE,B5F8D4,SeAg_B0785,pal,B5F032,190,3222,IntAct,Salmonella_enterica_serovar_Agona_SL483,PPI
SeAg_B1975,SeAg_B1975,B5F8E4,SeAg_B1468,tpx,B5F590,2480,1283,Lit_Ecoli_IntAct,Salmonella_enterica_serovar_Agona_SL483,PPI
SeAg_B1975,SeAg_B1975,B5F8E4,SeAg_B0259,frr,B5F8T3,2480,424,Lit_Ecoli_IntAct,Salmonella_enterica_serovar_Agona_SL483,PPI
SeAg_B3631,rplV,B5F8E7,SeAg_B3602,def,B5F7R3,3935,1601,Interactome3d,Salmonella_enterica_serovar_Agona_SL483,PPI
SeAg_B3632,rpsS,B5F8E8,SeAg_B0472,SeAg_B0472,B5EXH3,3017,1011,IntAct_Biogrid,Salmonella_enterica_serovar_Agona_SL483,PPI
SeAg_B3632,rpsS,B5F8E8,SeAg_B2408,gyrA,B5EYV7,3017,3730,IntAct,Salmonella_enterica_serovar_Agona_SL483,PPI
SeAg_B3632,rpsS,B5F8E8,SeAg_B2820,rimM,B5F288,3017,2812,Lit_Ecoli_IntAct,Salmonella_enterica_serovar_Agona_SL483,PPI
SeAg_B3632,rpsS,B5F8E8,SeAg_B1149,fliG,B5F2R7,3017,2795,IntAct,Salmonella_enterica_serovar_Agona_SL483,PPI
SeAg_B3632,rpsS,B5F8E8,SeAg_B1200,SeAg_B1200,B5F2W3,3017,1259,IntAct,Salmonella_enterica_serovar_Agona_SL483,PPI
SeAg_B3632,rpsS,B5F8E8,SeAg_B3613,rpsM,B5F7S4,3017,613,Interactome3d,Salmonella_enterica_serovar_Agona_SL483,PPI
SeAg_B3632,rpsS,B5F8E8,SeAg_B3623,rpsN,B5F7T2,3017,1046,Interactome3d,Salmonella_enterica_serovar_Agona_SL483,PPI
SeAg_B3633,rplB,B5F8E9,SeAg_B0472,SeAg_B0472,B5EXH3,246,1011,Biogrid,Salmonella_enterica_serovar_Agona_SL483,PPI
SeAg_B3633,rplB,B5F8E9,SeAg_B4066,dnaA,B5EYX2,246,195,IntAct,Salmonella_enterica_serovar_Agona_SL483,PPI
SeAg_B3633,rplB,B5F8E9,SeAg_B4503,dnaB,B5F1R4,246,1004,IntAct,Salmonella_enterica_serovar_Agona_SL483,PPI
SeAg_B3633,rplB,B5F8E9,SeAg_B4672,rplI,B5F3C0,246,2583,IntAct_Interactome3d,Salmonella_enterica_serovar_Agona_SL483,PPI
SeAg_B3633,rplB,B5F8E9,SeAg_B3610,rpoA,B5F7S1,246,1508,IntAct,Salmonella_enterica_serovar_Agona_SL483,PPI
SeAg_B3634,rplW,B5F8F0,SeAg_B4067,rpmH,B5EYX3,1460,2562,Interactome3d,Salmonella_enterica_serovar_Agona_SL483,PPI
SeAg_B3634,rplW,B5F8F0,SeAg_B4389,secE,B5F0W1,1460,3041,Interactome3d,Salmonella_enterica_serovar_Agona_SL483,PPI
SeAg_B3634,rplW,B5F8F0,SeAg_B3628,rpmC,B5F7T7,1460,1171,IntAct_Interactome3d,Salmonella_enterica_serovar_Agona_SL483,PPI
SeAg_B3635,rplD,B5F8F1,SeAg_B4069,SeAg_B4069,B5EYX5,565,3987,IntAct,Salmonella_enterica_serovar_Agona_SL483,PPI
SeAg_B3635,rplD,B5F8F1,SeAg_B3617,rplO,B5F7S6,565,2074,Interactome3d,Salmonella_enterica_serovar_Agona_SL483,PPI
SeAg_B3636,rplC,B5F8F2,SeAg_B2818,rplS,B5F286,3858,2931,Interactome3d,Salmonella_enterica_serovar_Agona_SL483,PPI
SeAg_B3636,rplC,B5F8F2,SeAg_B3609,rplQ,B5F7S0,3858,2470,IntAct_Interactome3d,Salmonella_enterica_serovar_Agona_SL483,PPI
SeAg_B3636,rplC,B5F8F2,SeAg_B3626,rplN,B5F7T5,3858,3429,Interactome3d,Salmonella_enterica_serovar_Agona_SL483,PPI
SeAg_B3643,fusA,B5F8F8,SeAg_B3645,rpsL,B5F8G0,1995,2035,Interactome3d,Salmonella_enterica_serovar_Agona_SL483,PPI
SeAg_B3643,fusA,B5F8F8,SeAg_B0257,tsf,B5F8T1,1995,3530,IntAct,Salmonella_enterica_serovar_Agona_SL483,PPI
SeAg_B3644,rpsG,B5F8F9,SeAg_B3612,rpsK,B5F7S3,1032,1517,Interactome3d,Salmonella_enterica_serovar_Agona_SL483,PPI
SeAg_B3646,dsrH,B5F8G1,SeAg_B1042,SeAg_B1042,B5F1W7,4413,2312,IntAct,Salmonella_enterica_serovar_Agona_SL483,PPI
SeAg_B3646,dsrH,B5F8G1,SeAg_B3647,tusC,B5F8G2,4413,675,IntAct_Interactome3d,Salmonella_enterica_serovar_Agona_SL483,PPI
SeAg_B3648,tusD,B5F8G3,SeAg_B3646,dsrH,B5F8G1,2197,4413,IntAct_Interactome3d,Salmonella_enterica_serovar_Agona_SL483,PPI
SeAg_B3648,tusD,B5F8G3,SeAg_B3647,tusC,B5F8G2,2197,675,Interactome3d,Salmonella_enterica_serovar_Agona_SL483,PPI
SeAg_B3652,slyD,B5F8G7,SeAg_B2970,hycE,B5F374,3489,126,IntAct,Salmonella_enterica_serovar_Agona_SL483,PPI
SeAg_B3663,crp,B5F8H8,SeAg_B3848,SeAg_B3848,B5EX46,2484,261,Lit_Ecoli_IntAct,Salmonella_enterica_serovar_Agona_SL483,PPI
SeAg_B3663,crp,B5F8H8,SeAg_B3903,mtlR,B5EXA0,2484,3152,Lit_Ecoli_IntAct,Salmonella_enterica_serovar_Agona_SL483,PPI
SeAg_B3663,crp,B5F8H8,SeAg_B4167,cyaA,B5EZ61,2484,331,Lit_Ecoli_IntAct,Salmonella_enterica_serovar_Agona_SL483,PPI
SeAg_B3663,crp,B5F8H8,SeAg_B2435,SeAg_B2435,B5EZH8,2484,2125,Lit_Ecoli_IntAct,Salmonella_enterica_serovar_Agona_SL483,PPI
SeAg_B3663,crp,B5F8H8,SeAg_B4329,SeAg_B4329,B5F0R4,2484,807,Lit_Ecoli_IntAct,Salmonella_enterica_serovar_Agona_SL483,PPI
SeAg_B3663,crp,B5F8H8,SeAg_B4340,cytR,B5F0S5,2484,2465,Lit_Ecoli_IntAct,Salmonella_enterica_serovar_Agona_SL483,PPI
SeAg_B3663,crp,B5F8H8,SeAg_B4390,nusG,B5F0W2,2484,913,Lit_Ecoli_IntAct,Salmonella_enterica_serovar_Agona_SL483,PPI
SeAg_B3663,crp,B5F8H8,SeAg_B4555,SeAg_B4555,B5F2G9,2484,261,Lit_Ecoli_IntAct,Salmonella_enterica_serovar_Agona_SL483,PPI
SeAg_B3663,crp,B5F8H8,SeAg_B1124,SeAg_B1124,B5F2P3,2484,4014,IntAct,Salmonella_enterica_serovar_Agona_SL483,PPI
SeAg_B3663,crp,B5F8H8,SeAg_B2951,mltB,B5F355,2484,3509,Lit_Ecoli_IntAct,Salmonella_enterica_serovar_Agona_SL483,PPI
SeAg_B3663,crp,B5F8H8,SeAg_B3127,gcvA,B5F4S9,2484,1529,Lit_Ecoli_IntAct,Salmonella_enterica_serovar_Agona_SL483,PPI
SeAg_B3663,crp,B5F8H8,SeAg_B3164,SeAg_B3164,B5F4V9,2484,2198,Lit_Ecoli_IntAct,Salmonella_enterica_serovar_Agona_SL483,PPI
SeAg_B3663,crp,B5F8H8,SeAg_B1798,SeAg_B1798,B5F7C4,2484,1741,Lit_Ecoli_IntAct,Salmonella_enterica_serovar_Agona_SL483,PPI
SeAg_B3663,crp,B5F8H8,SeAg_B0191,SeAg_B0191,B5F808,2484,1204,Lit_Ecoli_IntAct,Salmonella_enterica_serovar_Agona_SL483,PPI
SeAg_B3663,crp,B5F8H8,SeAg_B3717,malT,B5F8N2,2484,1035,Lit_Ecoli_IntAct,Salmonella_enterica_serovar_Agona_SL483,PPI
SeAg_B3665,argD,B5F8I0,SeAg_B1071,SeAg_B1071,B5F1Z5,1628,2080,IntAct,Salmonella_enterica_serovar_Agona_SL483,PPI
SeAg_B3665,argD,B5F8I0,SeAg_B1957,pepT,B5F8C6,1628,2172,IntAct,Salmonella_enterica_serovar_Agona_SL483,PPI
SeAg_B3666,pabA,B5F8I1,SeAg_B1149,fliG,B5F2R7,568,2795,Lit_Ecoli_IntAct,Salmonella_enterica_serovar_Agona_SL483,PPI
SeAg_B3667,fic,B5F8I2,SeAg_B2041,SeAg_B2041,B5F960,3426,2341,Lit_Ecoli_IntAct,Salmonella_enterica_serovar_Agona_SL483,PPI
SeAg_B3668,SeAg_B3668,B5F8I3,SeAg_B3667,fic,B5F8I2,1351,3426,Lit_Ecoli_IntAct,Salmonella_enterica_serovar_Agona_SL483,PPI
SeAg_B3671,nirB,B5F8I7,SeAg_B3713,gntY,B5F8M8,3664,350,Lit_Ecoli_IntAct,Salmonella_enterica_serovar_Agona_SL483,PPI
SeAg_B3681,gph,B5F8J6,SeAg_B4065,dnaN,B5EYB3,1323,3473,IntAct,Salmonella_enterica_serovar_Agona_SL483,PPI
SeAg_B3681,gph,B5F8J6,SeAg_B4201,ubiE,B5EZU8,1323,1659,Lit_Ecoli_IntAct,Salmonella_enterica_serovar_Agona_SL483,PPI
SeAg_B3681,gph,B5F8J6,SeAg_B3273,trmB,B5F5N5,1323,941,IntAct,Salmonella_enterica_serovar_Agona_SL483,PPI
SeAg_B3681,gph,B5F8J6,SeAg_B3632,rpsS,B5F8E8,1323,3017,IntAct,Salmonella_enterica_serovar_Agona_SL483,PPI
SeAg_B3681,gph,B5F8J6,SeAg_B2008,flgH,B5F927,1323,224,IntAct,Salmonella_enterica_serovar_Agona_SL483,PPI
SeAg_B3682,rpe,B5F8J7,SeAg_B4065,dnaN,B5EYB3,3757,3473,Lit_Ecoli_IntAct,Salmonella_enterica_serovar_Agona_SL483,PPI
SeAg_B3682,rpe,B5F8J7,SeAg_B1138,fliR,B5F2Q6,3757,2349,IntAct,Salmonella_enterica_serovar_Agona_SL483,PPI
SeAg_B3682,rpe,B5F8J7,SeAg_B1142,fliN,B5F2R0,3757,1656,IntAct,Salmonella_enterica_serovar_Agona_SL483,PPI
SeAg_B3682,rpe,B5F8J7,SeAg_B1158,SeAg_B1158,B5F2S6,3757,3288,IntAct,Salmonella_enterica_serovar_Agona_SL483,PPI
SeAg_B3682,rpe,B5F8J7,SeAg_B1159,fliS,B5F2S7,3757,796,IntAct,Salmonella_enterica_serovar_Agona_SL483,PPI
SeAg_B3682,rpe,B5F8J7,SeAg_B1204,cheR,B5F2W7,3757,692,IntAct,Salmonella_enterica_serovar_Agona_SL483,PPI
SeAg_B3682,rpe,B5F8J7,SeAg_B0283,proS,B5F8V6,3757,357,IntAct,Salmonella_enterica_serovar_Agona_SL483,PPI
SeAg_B3682,rpe,B5F8J7,SeAg_B2013,flgC,B5F932,3757,1694,IntAct,Salmonella_enterica_serovar_Agona_SL483,PPI
SeAg_B3682,rpe,B5F8J7,SeAg_B3806,SeAg_B3806,B5F9G6,3757,1691,Lit_Ecoli_IntAct,Salmonella_enterica_serovar_Agona_SL483,PPI
SeAg_B3684,SeAg_B3684,B5F8J9,SeAg_B0139,ftsI,B5F7V8,2025,3143,IntAct,Salmonella_enterica_serovar_Agona_SL483,PPI
SeAg_B3684,SeAg_B3684,B5F8J9,SeAg_B0148,ftsQ,B5F7W7,2025,398,IntAct,Salmonella_enterica_serovar_Agona_SL483,PPI
SeAg_B3685,aroB,B5F8K0,SeAg_B3185,SeAg_B3185,B5F4X8,1539,4451,Lit_Ecoli_IntAct,Salmonella_enterica_serovar_Agona_SL483,PPI
SeAg_B3685,aroB,B5F8K0,SeAg_B0087,SeAg_B0087,B5F759,1539,2000,Lit_Ecoli_IntAct,Salmonella_enterica_serovar_Agona_SL483,PPI
SeAg_B3692,mrcA,B5F8K7,SeAg_B3451,SeAg_B3451,B5F6R7,3788,718,IntAct,Salmonella_enterica_serovar_Agona_SL483,PPI
SeAg_B3696,hslR,B5F8L1,SeAg_B0643,SeAg_B0643,B5EYJ5,581,3654,Lit_Ecoli_IntAct,Salmonella_enterica_serovar_Agona_SL483,PPI
SeAg_B3696,hslR,B5F8L1,SeAg_B2361,SeAg_B2361,B5EYR4,581,3710,Lit_Ecoli_IntAct,Salmonella_enterica_serovar_Agona_SL483,PPI
SeAg_B3696,hslR,B5F8L1,SeAg_B0768,sdhB,B5EZF8,581,1219,Lit_Ecoli_IntAct,Salmonella_enterica_serovar_Agona_SL483,PPI
SeAg_B3696,hslR,B5F8L1,SeAg_B2602,eutC,B5F0I6,581,2957,Lit_Ecoli_IntAct,Salmonella_enterica_serovar_Agona_SL483,PPI
SeAg_B3696,hslR,B5F8L1,SeAg_B1285,proQ,B5F3P7,581,2695,Lit_Ecoli_IntAct,Salmonella_enterica_serovar_Agona_SL483,PPI
SeAg_B3696,hslR,B5F8L1,SeAg_B1319,minC,B5F3S8,581,970,Lit_Ecoli_IntAct,Salmonella_enterica_serovar_Agona_SL483,PPI
SeAg_B3696,hslR,B5F8L1,SeAg_B1727,SeAg_B1727,B5F6K0,581,1885,Lit_Ecoli_IntAct,Salmonella_enterica_serovar_Agona_SL483,PPI
SeAg_B3696,hslR,B5F8L1,SeAg_B3663,crp,B5F8H8,581,2484,Lit_Ecoli_IntAct,Salmonella_enterica_serovar_Agona_SL483,PPI
SeAg_B3696,hslR,B5F8L1,SeAg_B3717,malT,B5F8N2,581,1035,Lit_Ecoli_IntAct,Salmonella_enterica_serovar_Agona_SL483,PPI
SeAg_B3703,ompR,B5F8L8,SeAg_B0435,phoB,B5EWT0,3552,197,Lit_Ecoli_IntAct_Interactome3d,Salmonella_enterica_serovar_Agona_SL483,PPI
SeAg_B3703,ompR,B5F8L8,SeAg_B4142,trxA,B5EZ41,3552,3171,IntAct,Salmonella_enterica_serovar_Agona_SL483,PPI
SeAg_B3703,ompR,B5F8L8,SeAg_B4305,cpxR,B5F0P3,3552,290,IntAct_Interactome3d,Salmonella_enterica_serovar_Agona_SL483,PPI
SeAg_B3708,SeAg_B3708,B5F8M3,SeAg_B4126,ilvG,B5EZ25,2437,1884,IntAct,Salmonella_enterica_serovar_Agona_SL483,PPI
SeAg_B3711,SeAg_B3711,B5F8M6,SeAg_B1990,acpP,B5F911,0,883,Interactome3d,Salmonella_enterica_serovar_Agona_SL483,PPI
SeAg_B3717,malT,B5F8N2,SeAg_B2948,recA,B5F352,1035,3140,Lit_Ecoli_IntAct,Salmonella_enterica_serovar_Agona_SL483,PPI
SeAg_B3717,malT,B5F8N2,SeAg_B0014,dnaJ,B5F6Y9,1035,1436,Lit_Ecoli_IntAct,Salmonella_enterica_serovar_Agona_SL483,PPI
SeAg_B3724,SeAg_B3724,B5F8N9,SeAg_B3546,SeAg_B3546,B5F7L5,2287,1071,Lit_Ecoli_IntAct,Salmonella_enterica_serovar_Agona_SL483,PPI
SeAg_B3726,glpE,B5F8P1,SeAg_B4607,groES,B5F2K9,2401,1967,IntAct,Salmonella_enterica_serovar_Agona_SL483,PPI
SeAg_B3726,glpE,B5F8P1,SeAg_B4608,groEL,B5F2L0,2401,1880,IntAct,Salmonella_enterica_serovar_Agona_SL483,PPI
SeAg_B3737,glgC,B5F8Q2,SeAg_B1014,pncB,B5F1U0,1990,3279,Lit_Ecoli_IntAct,Salmonella_enterica_serovar_Agona_SL483,PPI
SeAg_B3738,glgX,B5F8Q3,SeAg_B3853,SeAg_B3853,B5EX51,1239,2271,Lit_Ecoli_IntAct,Salmonella_enterica_serovar_Agona_SL483,PPI
SeAg_B3738,glgX,B5F8Q3,SeAg_B0589,SeAg_B0589,B5EYE3,1239,2271,Lit_Ecoli_IntAct,Salmonella_enterica_serovar_Agona_SL483,PPI
SeAg_B3738,glgX,B5F8Q3,SeAg_B3185,SeAg_B3185,B5F4X8,1239,4451,Lit_Ecoli_IntAct,Salmonella_enterica_serovar_Agona_SL483,PPI
SeAg_B0234,SeAg_B0234,B5F8R0,SeAg_B2945,csrA,B5F349,162,4235,Lit_Ecoli_IntAct,Salmonella_enterica_serovar_Agona_SL483,PPI
SeAg_B0236,SeAg_B0236,B5F8R2,SeAg_B4656,SeAg_B4656,B5F3A4,112,2026,Lit_Ecoli_IntAct,Salmonella_enterica_serovar_Agona_SL483,PPI
SeAg_B0236,SeAg_B0236,B5F8R2,SeAg_B3065,cas2,B5F419,112,391,Lit_Ecoli_IntAct,Salmonella_enterica_serovar_Agona_SL483,PPI
SeAg_B0236,SeAg_B0236,B5F8R2,SeAg_B4907,trpR,B5F541,112,2479,Lit_Ecoli_IntAct,Salmonella_enterica_serovar_Agona_SL483,PPI
SeAg_B0236,SeAg_B0236,B5F8R2,SeAg_B3738,glgX,B5F8Q3,112,1239,Lit_Ecoli_IntAct,Salmonella_enterica_serovar_Agona_SL483,PPI
SeAg_B0245,SeAg_B0245,B5F8S0,SeAg_B1833,SeAg_B1833,B5F7F5,2972,3956,IntAct_Interactome3d,Salmonella_enterica_serovar_Agona_SL483,PPI
SeAg_B0248,degP,B5F8S3,SeAg_B0871,ompX,B5F0B3,1158,2051,IntAct,Salmonella_enterica_serovar_Agona_SL483,PPI
SeAg_B0248,degP,B5F8S3,SeAg_B4486,malE,B5F1P8,1158,189,IntAct,Salmonella_enterica_serovar_Agona_SL483,PPI
SeAg_B0248,degP,B5F8S3,SeAg_B1028,ompA,B5F1V4,1158,859,IntAct,Salmonella_enterica_serovar_Agona_SL483,PPI
SeAg_B0248,degP,B5F8S3,SeAg_B1414,SeAg_B1414,B5F4L8,1158,2333,IntAct,Salmonella_enterica_serovar_Agona_SL483,PPI
SeAg_B0248,degP,B5F8S3,SeAg_B3650,SeAg_B3650,B5F8G5,1158,639,IntAct,Salmonella_enterica_serovar_Agona_SL483,PPI
SeAg_B0252,dapD,B5F8S7,SeAg_B4142,trxA,B5EZ41,3089,3171,IntAct,Salmonella_enterica_serovar_Agona_SL483,PPI
SeAg_B0252,dapD,B5F8S7,SeAg_B3240,speB,B5F5K3,3089,3183,IntAct,Salmonella_enterica_serovar_Agona_SL483,PPI
SeAg_B0253,glnD,B5F8S8,SeAg_B0503,SeAg_B0503,B5EXK3,3020,3436,Lit_Ecoli_IntAct,Salmonella_enterica_serovar_Agona_SL483,PPI
SeAg_B0253,glnD,B5F8S8,SeAg_B2720,SeAg_B2720,B5F1E1,3020,2233,Lit_Ecoli_IntAct,Salmonella_enterica_serovar_Agona_SL483,PPI
SeAg_B0256,rpsB,B5F8T0,SeAg_B0472,SeAg_B0472,B5EXH3,2913,1011,IntAct_Biogrid,Salmonella_enterica_serovar_Agona_SL483,PPI
SeAg_B0256,rpsB,B5F8T0,SeAg_B3395,rpsU,B5F6A5,2913,2521,Interactome3d,Salmonella_enterica_serovar_Agona_SL483,PPI
SeAg_B0258,pyrH,B5F8T2,SeAg_B4142,trxA,B5EZ41,1349,3171,IntAct,Salmonella_enterica_serovar_Agona_SL483,PPI
SeAg_B0259,frr,B5F8T3,SeAg_B4065,dnaN,B5EYB3,424,3473,Lit_Ecoli_IntAct,Salmonella_enterica_serovar_Agona_SL483,PPI
SeAg_B0259,frr,B5F8T3,SeAg_B0566,SeAg_B0566,B5EYC0,424,2095,Lit_Ecoli_IntAct,Salmonella_enterica_serovar_Agona_SL483,PPI
SeAg_B0259,frr,B5F8T3,SeAg_B0637,entA,B5EYI9,424,3447,Lit_Ecoli_IntAct,Salmonella_enterica_serovar_Agona_SL483,PPI
SeAg_B0259,frr,B5F8T3,SeAg_B0641,SeAg_B0641,B5EYJ3,424,2036,Lit_Ecoli_IntAct,Salmonella_enterica_serovar_Agona_SL483,PPI
SeAg_B0259,frr,B5F8T3,SeAg_B0647,ahpC,B5EYJ9,424,1258,Lit_Ecoli_IntAct,Salmonella_enterica_serovar_Agona_SL483,PPI
SeAg_B0259,frr,B5F8T3,SeAg_B2510,truA,B5EZQ2,424,3318,Lit_Ecoli_IntAct,Salmonella_enterica_serovar_Agona_SL483,PPI
SeAg_B0259,frr,B5F8T3,SeAg_B0810,galK,B5F052,424,3217,Lit_Ecoli_IntAct,Salmonella_enterica_serovar_Agona_SL483,PPI
SeAg_B0259,frr,B5F8T3,SeAg_B0812,galE,B5F054,424,3536,Lit_Ecoli_IntAct,Salmonella_enterica_serovar_Agona_SL483,PPI
SeAg_B0259,frr,B5F8T3,SeAg_B2626,SeAg_B2626,B5F0K9,424,3309,Lit_Ecoli_IntAct,Salmonella_enterica_serovar_Agona_SL483,PPI
SeAg_B0259,frr,B5F8T3,SeAg_B2635,gcvR,B5F0L6,424,405,Lit_Ecoli_IntAct,Salmonella_enterica_serovar_Agona_SL483,PPI
SeAg_B0259,frr,B5F8T3,SeAg_B4325,SeAg_B4325,B5F0R0,424,802,Lit_Ecoli_IntAct,Salmonella_enterica_serovar_Agona_SL483,PPI
SeAg_B0259,frr,B5F8T3,SeAg_B2678,ndk,B5F1A1,424,2887,Lit_Ecoli_IntAct,Salmonella_enterica_serovar_Agona_SL483,PPI
SeAg_B0259,frr,B5F8T3,SeAg_B2693,fdx,B5F1B5,424,2084,Lit_Ecoli_IntAct,Salmonella_enterica_serovar_Agona_SL483,PPI
SeAg_B0259,frr,B5F8T3,SeAg_B4497,SeAg_B4497,B5F1Q9,424,638,Lit_Ecoli_IntAct,Salmonella_enterica_serovar_Agona_SL483,PPI
SeAg_B0259,frr,B5F8T3,SeAg_B1468,tpx,B5F590,424,1283,Lit_Ecoli_IntAct,Salmonella_enterica_serovar_Agona_SL483,PPI
SeAg_B0259,frr,B5F8T3,SeAg_B1739,gloA,B5F6L2,424,3522,Lit_Ecoli_IntAct,Salmonella_enterica_serovar_Agona_SL483,PPI
SeAg_B0259,frr,B5F8T3,SeAg_B3645,rpsL,B5F8G0,424,2035,Interactome3d,Salmonella_enterica_serovar_Agona_SL483,PPI
SeAg_B0265,yaeT,B5F8T8,SeAg_B0354,SeAg_B0354,B5EWK3,3457,4102,IntAct,Salmonella_enterica_serovar_Agona_SL483,PPI
SeAg_B0265,yaeT,B5F8T8,SeAg_B2633,SeAg_B2633,B5F0L4,3457,3388,IntAct,Salmonella_enterica_serovar_Agona_SL483,PPI
SeAg_B0265,yaeT,B5F8T8,SeAg_B2671,SeAg_B2671,B5F195,3457,1622,IntAct,Salmonella_enterica_serovar_Agona_SL483,PPI
SeAg_B0265,yaeT,B5F8T8,SeAg_B2775,SeAg_B2775,B5F243,3457,2793,IntAct,Salmonella_enterica_serovar_Agona_SL483,PPI
SeAg_B0265,yaeT,B5F8T8,SeAg_B2830,SeAg_B2830,B5F297,3457,2338,IntAct,Salmonella_enterica_serovar_Agona_SL483,PPI
SeAg_B0265,yaeT,B5F8T8,SeAg_B0101,surA,B5F773,3457,1779,IntAct,Salmonella_enterica_serovar_Agona_SL483,PPI
SeAg_B0265,yaeT,B5F8T8,SeAg_B3684,SeAg_B3684,B5F8J9,3457,2025,IntAct,Salmonella_enterica_serovar_Agona_SL483,PPI
SeAg_B0267,lpxD,B5F8U0,SeAg_B1990,acpP,B5F911,4103,883,IntAct_Interactome3d,Salmonella_enterica_serovar_Agona_SL483,PPI
SeAg_B0268,fabZ,B5F8U1,SeAg_B4142,trxA,B5EZ41,3458,3171,IntAct,Salmonella_enterica_serovar_Agona_SL483,PPI
SeAg_B0270,lpxB,B5F8U3,SeAg_B3861,SeAg_B3861,B5EX59,2447,155,Lit_Ecoli_IntAct,Salmonella_enterica_serovar_Agona_SL483,PPI
SeAg_B0272,dnaE,B5F8U5,SeAg_B0689,holA,B5EZ87,587,298,Lit_Ecoli_IntAct,Salmonella_enterica_serovar_Agona_SL483,PPI
SeAg_B0272,dnaE,B5F8U5,SeAg_B4762,holC,B5F464,587,156,IntAct,Salmonella_enterica_serovar_Agona_SL483,PPI
SeAg_B0272,dnaE,B5F8U5,SeAg_B4878,holD,B5F513,587,2169,IntAct,Salmonella_enterica_serovar_Agona_SL483,PPI
SeAg_B0275,SeAg_B0275,B5F8U8,SeAg_B2718,SeAg_B2718,B5F1D9,1234,429,IntAct_Interactome3d,Salmonella_enterica_serovar_Agona_SL483,PPI
SeAg_B0277,tilS,B5F8V0,SeAg_B1285,proQ,B5F3P7,1379,2695,Lit_Ecoli_IntAct,Salmonella_enterica_serovar_Agona_SL483,PPI
SeAg_B0278,rof,B5F8V1,SeAg_B1042,SeAg_B1042,B5F1W7,701,2312,Lit_Ecoli_IntAct,Salmonella_enterica_serovar_Agona_SL483,PPI
SeAg_B0283,proS,B5F8V6,SeAg_B1142,fliN,B5F2R0,357,1656,IntAct,Salmonella_enterica_serovar_Agona_SL483,PPI
SeAg_B0289,SeAg_B0289,B5F8W2,SeAg_B2945,csrA,B5F349,519,4235,Lit_Ecoli_IntAct,Salmonella_enterica_serovar_Agona_SL483,PPI
SeAg_B0308,dnaQ,B5F8X3,SeAg_B4065,dnaN,B5EYB3,3713,3473,IntAct,Salmonella_enterica_serovar_Agona_SL483,PPI
SeAg_B0308,dnaQ,B5F8X3,SeAg_B0689,holA,B5EZ87,3713,298,Lit_Ecoli_IntAct,Salmonella_enterica_serovar_Agona_SL483,PPI
SeAg_B0308,dnaQ,B5F8X3,SeAg_B0272,dnaE,B5F8U5,3713,587,Lit_Ecoli_IntAct,Salmonella_enterica_serovar_Agona_SL483,PPI
SeAg_B1978,SeAg_B1978,B5F8Z9,SeAg_B2313,pbpG,B5EY08,67,3345,Lit_Ecoli_IntAct,Salmonella_enterica_serovar_Agona_SL483,PPI
SeAg_B1978,SeAg_B1978,B5F8Z9,SeAg_B1149,fliG,B5F2R7,67,2795,Lit_Ecoli_IntAct,Salmonella_enterica_serovar_Agona_SL483,PPI
SeAg_B1978,SeAg_B1978,B5F8Z9,SeAg_B1488,SeAg_B1488,B5F5B0,67,4078,Lit_Ecoli_IntAct,Salmonella_enterica_serovar_Agona_SL483,PPI
SeAg_B1978,SeAg_B1978,B5F8Z9,SeAg_B0131,leuO,B5F7V0,67,863,Lit_Ecoli_IntAct,Salmonella_enterica_serovar_Agona_SL483,PPI
SeAg_B1978,SeAg_B1978,B5F8Z9,SeAg_B0225,mrcB,B5F842,67,2681,IntAct,Salmonella_enterica_serovar_Agona_SL483,PPI
SeAg_B1978,SeAg_B1978,B5F8Z9,SeAg_B0270,lpxB,B5F8U3,67,2447,Lit_Ecoli_IntAct,Salmonella_enterica_serovar_Agona_SL483,PPI
SeAg_B1979,SeAg_B1979,B5F900,SeAg_B1965,lolE,B5F8D4,1594,190,Lit_Ecoli_IntAct,Salmonella_enterica_serovar_Agona_SL483,PPI
SeAg_B1982,ptsG,B5F903,SeAg_B2546,glk,B5F0D6,3800,1033,IntAct,Salmonella_enterica_serovar_Agona_SL483,PPI
SeAg_B1982,ptsG,B5F903,SeAg_B2578,crr,B5F0G2,3800,1728,IntAct_Interactome3d,Salmonella_enterica_serovar_Agona_SL483,PPI
SeAg_B1982,ptsG,B5F903,SeAg_B1684,mic,B5F6F7,3800,1347,IntAct_Interactome3d,Salmonella_enterica_serovar_Agona_SL483,PPI
SeAg_B1988,pabC,B5F909,SeAg_B3231,pgk,B5F5J4,2825,3370,Lit_Ecoli_IntAct,Salmonella_enterica_serovar_Agona_SL483,PPI
SeAg_B1989,fabF,B5F910,SeAg_B1990,acpP,B5F911,1982,883,IntAct,Salmonella_enterica_serovar_Agona_SL483,PPI
SeAg_B1990,acpP,B5F911,SeAg_B2698,iscS,B5F1C0,883,3518,IntAct,Salmonella_enterica_serovar_Agona_SL483,PPI
SeAg_B1990,acpP,B5F911,SeAg_B0153,secA,B5F7X1,883,2356,IntAct,Salmonella_enterica_serovar_Agona_SL483,PPI
SeAg_B1990,acpP,B5F911,SeAg_B1952,purB,B5F8C1,883,486,IntAct,Salmonella_enterica_serovar_Agona_SL483,PPI
SeAg_B1992,fabD,B5F913,SeAg_B2621,SeAg_B2621,B5F0K4,2177,997,IntAct,Salmonella_enterica_serovar_Agona_SL483,PPI
SeAg_B1995,plsX,B5F915,SeAg_B0780,SeAg_B0780,B5F027,2365,2632,IntAct,Salmonella_enterica_serovar_Agona_SL483,PPI
SeAg_B1996,SeAg_B1996,B5F917,SeAg_B2025,pyrC,B5F944,1394,2342,Lit_Ecoli_IntAct,Salmonella_enterica_serovar_Agona_SL483,PPI
SeAg_B2001,SeAg_B2001,B5F921,SeAg_B0472,SeAg_B0472,B5EXH3,1316,1011,Biogrid,Salmonella_enterica_serovar_Agona_SL483,PPI
SeAg_B2003,rne,B5F922,SeAg_B3945,rpmB,B5EXE2,2307,790,IntAct,Salmonella_enterica_serovar_Agona_SL483,PPI
SeAg_B2003,rne,B5F922,SeAg_B0519,SeAg_B0519,B5EXL8,2307,3226,IntAct,Salmonella_enterica_serovar_Agona_SL483,PPI
SeAg_B2003,rne,B5F922,SeAg_B0592,SeAg_B0592,B5EYE6,2307,539,IntAct,Salmonella_enterica_serovar_Agona_SL483,PPI
SeAg_B2003,rne,B5F922,SeAg_B4141,rhlB,B5EZ40,2307,2546,IntAct,Salmonella_enterica_serovar_Agona_SL483,PPI
SeAg_B2003,rne,B5F922,SeAg_B2618,tkt,B5F0K1,2307,3649,IntAct,Salmonella_enterica_serovar_Agona_SL483,PPI
SeAg_B2003,rne,B5F922,SeAg_B4392,rplA,B5F0W4,2307,1697,IntAct,Salmonella_enterica_serovar_Agona_SL483,PPI
SeAg_B2003,rne,B5F922,SeAg_B2753,SeAg_B2753,B5F1G9,2307,1115,Lit_Ecoli_IntAct,Salmonella_enterica_serovar_Agona_SL483,PPI
SeAg_B2003,rne,B5F922,SeAg_B4672,rplI,B5F3C0,2307,2583,IntAct,Salmonella_enterica_serovar_Agona_SL483,PPI
SeAg_B2003,rne,B5F922,SeAg_B3085,eno,B5F4N9,2307,1620,IntAct_Interactome3d,Salmonella_enterica_serovar_Agona_SL483,PPI
SeAg_B2003,rne,B5F922,SeAg_B1473,SeAg_B1473,B5F595,2307,1865,IntAct,Salmonella_enterica_serovar_Agona_SL483,PPI
SeAg_B2003,rne,B5F922,SeAg_B3467,deaD,B5F6T3,2307,2144,IntAct,Salmonella_enterica_serovar_Agona_SL483,PPI
SeAg_B2003,rne,B5F922,SeAg_B0013,dnaK,B5F6Y8,2307,2512,IntAct,Salmonella_enterica_serovar_Agona_SL483,PPI
SeAg_B2003,rne,B5F922,SeAg_B0026,SeAg_B0026,B5F701,2307,539,IntAct,Salmonella_enterica_serovar_Agona_SL483,PPI
SeAg_B2003,rne,B5F922,SeAg_B3617,rplO,B5F7S6,2307,2074,IntAct,Salmonella_enterica_serovar_Agona_SL483,PPI
SeAg_B2003,rne,B5F922,SeAg_B0218,pcnB,B5F835,2307,2476,IntAct,Salmonella_enterica_serovar_Agona_SL483,PPI
SeAg_B2003,rne,B5F922,SeAg_B3633,rplB,B5F8E9,2307,246,IntAct,Salmonella_enterica_serovar_Agona_SL483,PPI
SeAg_B2003,rne,B5F922,SeAg_B2024,SeAg_B2024,B5F943,2307,1537,IntAct,Salmonella_enterica_serovar_Agona_SL483,PPI
SeAg_B2003,rne,B5F922,SeAg_B3814,SeAg_B3814,B5F9H4,2307,1865,IntAct,Salmonella_enterica_serovar_Agona_SL483,PPI
SeAg_B2004,flgL,B5F923,SeAg_B1161,fliD,B5F2S8,292,1175,IntAct,Salmonella_enterica_serovar_Agona_SL483,PPI
SeAg_B2004,flgL,B5F923,SeAg_B4826,SeAg_B4826,B5F4B9,292,360,IntAct,Salmonella_enterica_serovar_Agona_SL483,PPI
SeAg_B2004,flgL,B5F923,SeAg_B2017,SeAg_B2017,B5F936,292,2389,IntAct,Salmonella_enterica_serovar_Agona_SL483,PPI
SeAg_B2005,flgK,B5F924,SeAg_B2008,flgH,B5F927,456,224,IntAct,Salmonella_enterica_serovar_Agona_SL483,PPI
SeAg_B2005,flgK,B5F924,SeAg_B2017,SeAg_B2017,B5F936,456,2389,Lit_Ecoli_IntAct,Salmonella_enterica_serovar_Agona_SL483,PPI
SeAg_B2005,flgK,B5F924,SeAg_B2056,SeAg_B2056,B5F974,456,2605,Lit_Ecoli_IntAct,Salmonella_enterica_serovar_Agona_SL483,PPI
SeAg_B2006,flgJ,B5F925,SeAg_B1505,nifJ,B5F5C4,2165,3295,IntAct,Salmonella_enterica_serovar_Agona_SL483,PPI
SeAg_B2007,flgI,B5F926,SeAg_B1161,fliD,B5F2S8,2472,1175,IntAct,Salmonella_enterica_serovar_Agona_SL483,PPI
SeAg_B2008,flgH,B5F927,SeAg_B1147,fliI,B5F2R5,224,703,IntAct,Salmonella_enterica_serovar_Agona_SL483,PPI
SeAg_B2008,flgH,B5F927,SeAg_B1149,fliG,B5F2R7,224,2795,IntAct,Salmonella_enterica_serovar_Agona_SL483,PPI
SeAg_B2008,flgH,B5F927,SeAg_B1158,SeAg_B1158,B5F2S6,224,3288,IntAct,Salmonella_enterica_serovar_Agona_SL483,PPI
SeAg_B2008,flgH,B5F927,SeAg_B1159,fliS,B5F2S7,224,796,IntAct,Salmonella_enterica_serovar_Agona_SL483,PPI
SeAg_B2008,flgH,B5F927,SeAg_B1201,SeAg_B1201,B5F2W4,224,3859,IntAct,Salmonella_enterica_serovar_Agona_SL483,PPI
SeAg_B2008,flgH,B5F927,SeAg_B1505,nifJ,B5F5C4,224,3295,IntAct,Salmonella_enterica_serovar_Agona_SL483,PPI
SeAg_B2008,flgH,B5F927,SeAg_B2004,flgL,B5F923,224,292,IntAct,Salmonella_enterica_serovar_Agona_SL483,PPI
SeAg_B2008,flgH,B5F927,SeAg_B2007,flgI,B5F926,224,2472,IntAct,Salmonella_enterica_serovar_Agona_SL483,PPI
SeAg_B2009,flgG,B5F928,SeAg_B1208,flhB,B5F2X1,2249,1220,IntAct,Salmonella_enterica_serovar_Agona_SL483,PPI
SeAg_B2009,flgG,B5F928,SeAg_B1752,SeAg_B1752,B5F6M3,2249,1220,IntAct,Salmonella_enterica_serovar_Agona_SL483,PPI
SeAg_B2010,flgF,B5F929,SeAg_B3252,metK,B5F5L4,644,93,IntAct,Salmonella_enterica_serovar_Agona_SL483,PPI
SeAg_B2010,flgF,B5F929,SeAg_B0136,mraZ,B5F7V5,644,2902,IntAct,Salmonella_enterica_serovar_Agona_SL483,PPI
SeAg_B2010,flgF,B5F929,SeAg_B2008,flgH,B5F927,644,224,IntAct,Salmonella_enterica_serovar_Agona_SL483,PPI
SeAg_B2011,flgE,B5F930,SeAg_B1206,cheY,B5F2W9,1912,2383,IntAct,Salmonella_enterica_serovar_Agona_SL483,PPI
SeAg_B2011,flgE,B5F930,SeAg_B2016,SeAg_B2016,B5F935,1912,3697,IntAct,Salmonella_enterica_serovar_Agona_SL483,PPI
SeAg_B2012,flgD,B5F931,SeAg_B1139,fliQ,B5F2Q7,2525,3557,IntAct,Salmonella_enterica_serovar_Agona_SL483,PPI
SeAg_B2012,flgD,B5F931,SeAg_B2013,flgC,B5F932,2525,1694,IntAct,Salmonella_enterica_serovar_Agona_SL483,PPI
SeAg_B2013,flgC,B5F932,SeAg_B3273,trmB,B5F5N5,1694,941,IntAct,Salmonella_enterica_serovar_Agona_SL483,PPI
SeAg_B2015,flgA,B5F934,SeAg_B1432,topA,B5F4N5,1803,420,IntAct,Salmonella_enterica_serovar_Agona_SL483,PPI
SeAg_B2016,SeAg_B2016,B5F935,SeAg_B2408,gyrA,B5EYV7,3697,3730,IntAct,Salmonella_enterica_serovar_Agona_SL483,PPI
SeAg_B2016,SeAg_B2016,B5F935,SeAg_B2414,nrdB,B5EYW3,3697,1760,IntAct,Salmonella_enterica_serovar_Agona_SL483,PPI
SeAg_B2016,SeAg_B2016,B5F935,SeAg_B1164,fliA,B5F2T2,3697,678,Lit_Ecoli_IntAct_Interactome3d,Salmonella_enterica_serovar_Agona_SL483,PPI
SeAg_B2016,SeAg_B2016,B5F935,SeAg_B1200,SeAg_B1200,B5F2W3,3697,1259,IntAct,Salmonella_enterica_serovar_Agona_SL483,PPI
SeAg_B2016,SeAg_B2016,B5F935,SeAg_B3273,trmB,B5F5N5,3697,941,IntAct,Salmonella_enterica_serovar_Agona_SL483,PPI
SeAg_B2021,SeAg_B2021,B5F940,SeAg_B3611,rpsD,B5F7S2,2578,832,IntAct,Salmonella_enterica_serovar_Agona_SL483,PPI
SeAg_B2025,pyrC,B5F944,SeAg_B3717,malT,B5F8N2,2342,1035,Lit_Ecoli_IntAct,Salmonella_enterica_serovar_Agona_SL483,PPI
SeAg_B2027,bssS,B5F946,SeAg_B3577,SeAg_B3577,B5F7P6,732,2370,Lit_Ecoli_IntAct,Salmonella_enterica_serovar_Agona_SL483,PPI
SeAg_B2038,SeAg_B2038,B5F957,SeAg_B4492,SeAg_B4492,B5F1Q4,3689,1267,IntAct,Salmonella_enterica_serovar_Agona_SL483,PPI
SeAg_B2053,SeAg_B2053,B5F972,SeAg_B2054,SeAg_B2054,B5F973,2848,642,IntAct,Salmonella_enterica_serovar_Agona_SL483,PPI
SeAg_B2066,SeAg_B2066,B5F981,SeAg_B4105,yieM,B5EZ11,3391,1672,Lit_Ecoli_IntAct,Salmonella_enterica_serovar_Agona_SL483,PPI
SeAg_B2066,SeAg_B2066,B5F981,SeAg_B4445,SeAg_B4445,B5F1K7,3391,851,Lit_Ecoli_IntAct,Salmonella_enterica_serovar_Agona_SL483,PPI
SeAg_B2066,SeAg_B2066,B5F981,SeAg_B3407,SeAg_B3407,B5F6B6,3391,502,Lit_Ecoli_IntAct,Salmonella_enterica_serovar_Agona_SL483,PPI
SeAg_B2066,SeAg_B2066,B5F981,SeAg_B1684,mic,B5F6F7,3391,1347,IntAct,Salmonella_enterica_serovar_Agona_SL483,PPI
SeAg_B2068,SeAg_B2068,B5F982,SeAg_B1957,pepT,B5F8C6,1486,2172,Lit_Ecoli_IntAct,Salmonella_enterica_serovar_Agona_SL483,PPI
SeAg_B3754,SeAg_B3754,B5F9B4,SeAg_B0946,clpS,B5F127,3386,3655,Lit_Ecoli_IntAct,Salmonella_enterica_serovar_Agona_SL483,PPI
SeAg_B3754,SeAg_B3754,B5F9B4,SeAg_B0149,ftsA,B5F7W8,3386,363,Lit_Ecoli_IntAct,Salmonella_enterica_serovar_Agona_SL483,PPI
SeAg_B3755,ugpQ,B5F9B5,SeAg_B2743,rnc,B5F1G1,216,2354,Lit_Ecoli_IntAct,Salmonella_enterica_serovar_Agona_SL483,PPI
SeAg_B3755,ugpQ,B5F9B5,SeAg_B3681,gph,B5F8J6,216,1323,Lit_Ecoli_IntAct,Salmonella_enterica_serovar_Agona_SL483,PPI
SeAg_B3780,SeAg_B3780,B5F9E0,SeAg_B2698,iscS,B5F1C0,1725,3518,Lit_Ecoli_IntAct_Interactome3d,Salmonella_enterica_serovar_Agona_SL483,PPI
SeAg_B3786,nikR,B5F9E6,SeAg_B0812,galE,B5F054,2652,3536,Lit_Ecoli_IntAct,Salmonella_enterica_serovar_Agona_SL483,PPI
SeAg_B3786,nikR,B5F9E6,SeAg_B1285,proQ,B5F3P7,2652,2695,Lit_Ecoli_IntAct,Salmonella_enterica_serovar_Agona_SL483,PPI
SeAg_B3791,SeAg_B3791,B5F9F1,SeAg_B1572,SeAg_B1572,B5F5U1,3114,2543,Lit_Ecoli_IntAct,Salmonella_enterica_serovar_Agona_SL483,PPI
SeAg_B3794,uspA,B5F9F4,SeAg_B1220,SeAg_B1220,B5F3I7,972,1629,Lit_Ecoli_IntAct,Salmonella_enterica_serovar_Agona_SL483,PPI
SeAg_B3794,uspA,B5F9F4,SeAg_B4857,SeAg_B4857,B5F4Z7,972,567,Lit_Ecoli_IntAct,Salmonella_enterica_serovar_Agona_SL483,PPI
SeAg_B3796,SeAg_B3796,B5F9F6,SeAg_B2690,sseB,B5F1B2,4197,504,Lit_Ecoli_IntAct,Salmonella_enterica_serovar_Agona_SL483,PPI
SeAg_B3796,SeAg_B3796,B5F9F6,SeAg_B2782,SeAg_B2782,B5F250,4197,1273,Lit_Ecoli_IntAct,Salmonella_enterica_serovar_Agona_SL483,PPI
SeAg_B3796,SeAg_B3796,B5F9F6,SeAg_B2849,SeAg_B2849,B5F2B2,4197,1273,Lit_Ecoli_IntAct,Salmonella_enterica_serovar_Agona_SL483,PPI
SeAg_B3796,SeAg_B3796,B5F9F6,SeAg_B1285,proQ,B5F3P7,4197,2695,Lit_Ecoli_IntAct,Salmonella_enterica_serovar_Agona_SL483,PPI
SeAg_B3797,SeAg_B3797,B5F9F7,SeAg_B1950,mnmA,B5F8B9,530,1667,Lit_Ecoli_IntAct,Salmonella_enterica_serovar_Agona_SL483,PPI
SeAg_B3808,SeAg_B3808,B5F9G8,SeAg_B0518,acrR,B5EXL7,1949,64,Lit_Ecoli_IntAct,Salmonella_enterica_serovar_Agona_SL483,PPI
SeAg_B3808,SeAg_B3808,B5F9G8,SeAg_B3162,SeAg_B3162,B5F4V7,1949,2283,Lit_Ecoli_IntAct,Salmonella_enterica_serovar_Agona_SL483,PPI
SeAg_B3808,SeAg_B3808,B5F9G8,SeAg_B3580,SeAg_B3580,B5F7P9,1949,64,Lit_Ecoli_IntAct,Salmonella_enterica_serovar_Agona_SL483,PPI
SeAg_B3808,SeAg_B3808,B5F9G8,SeAg_B3663,crp,B5F8H8,1949,2484,Lit_Ecoli_IntAct,Salmonella_enterica_serovar_Agona_SL483,PPI
SeAg_B3841,dppB,B5F9J8,SeAg_B2309,SeAg_B2309,B5EY04,2953,2137,Lit_Ecoli_IntAct_Interactome3d,Salmonella_enterica_serovar_Agona_SL483,PPI